0/0to1/0 1
14 1  
0/1to0/0 1
15 1  
0/1to0/2 1
13 1  
0/2to0/1 1
16 1  
0/2to0/3 2
16 2  
0/3to0/4 2
16 2  
0/3to1/3 2
14 1  16 1  
0/4to0/3 1
15 1  
0/4to1/4 1
15 1  
1/0to0/0 1
15 1  
1/0to1/1 2
14 1  17 1  
1/0to2/0 1
14 1  
1/1to0/1 1
14 1  
1/1to1/0 1
15 1  
1/1to1/2 3
14 1  15 2  
1/1to2/1 2
14 1  15 1  
1/2to0/2 2
15 1  17 1  
1/2to1/1 4
15 1  16 2  17 1  
1/2to1/3 3
14 2  15 1  
1/2to2/2 1
14 1  
1/3to0/3 1
16 1  
1/3to1/2 4
14 1  15 1  16 1  17 1  
1/3to1/4 2
14 1  16 1  
1/4to0/4 1
17 1  
1/4to1/3 1
14 1  
1/4to2/4 3
14 1  15 2  
2/0to1/0 2
14 1  15 1  
2/0to3/0 1
15 1  
2/1to1/1 2
14 1  15 1  
2/1to2/0 1
15 1  
2/1to3/1 1
15 1  
2/2to1/2 2
15 1  16 1  
2/2to2/1 2
13 1  14 1  
2/2to2/3 2
16 1  17 1  
2/2to3/2 2
16 1  17 1  
2/3to1/3 1
16 1  
2/3to2/2 3
14 1  15 2  
2/3to2/4 1
17 1  
2/3to3/3 1
16 1  
2/4to1/4 2
13 1  14 1  
2/4to2/3 2
17 1  18 1  
2/4to3/4 2
14 1  15 1  
3/0to2/0 1
16 1  
3/1to2/1 2
14 1  15 1  
3/1to3/0 2
14 1  15 1  
3/1to3/2 1
17 1  
3/1to4/1 1
14 1  
3/2to2/2 2
14 1  16 1  
3/2to3/1 2
14 1  16 1  
3/2to3/3 3
14 1  15 1  17 1  
3/3to2/3 1
13 1  
3/3to3/2 3
14 1  15 2  
3/3to3/4 2
14 1  15 1  
3/4to2/4 2
14 1  15 1  
3/4to3/3 2
14 2  
4/0to4/1 1
16 1  
4/1to3/1 2
14 1  16 1  
4/1to4/2 1
14 1  
4/2to3/2 1
16 1  
4/2to4/1 1
16 1  
4/2to4/3 1
15 1  
4/3to3/3 1
16 1  
4/3to4/4 1
14 1  
4/4to3/4 1
14 1  
