0/0to0/1 3
14 16 16 
0/0to1/0 2
14 16 
0/1to0/0 2
14 16 
0/1to0/2 10
13 13 14 14 15 15 15 15 15 15 
0/1to1/1 9
14 14 14 15 15 15 15 15 17 
0/2to0/1 14
14 14 14 15 15 16 16 17 17 17 17 17 17 17 
0/2to0/3 5
14 14 15 16 17 
0/2to1/2 7
14 14 14 16 16 16 16 
0/3to0/2 5
14 15 15 15 15 
0/3to0/4 4
14 14 14 15 
0/3to1/3 4
14 15 15 16 
0/4to0/3 5
14 14 14 14 14 
0/4to1/4 9
13 13 14 15 15 16 16 16 17 
1/0to0/0 2
15 16 
1/0to1/1 12
14 14 14 14 14 14 14 14 14 14 14 17 
1/0to2/0 7
14 14 15 15 15 15 15 
1/1to0/1 4
14 14 14 14 
1/1to1/0 8
13 13 14 14 15 15 15 16 
1/1to1/2 15
14 14 14 14 14 14 14 14 14 15 15 15 15 15 16 
1/1to2/1 7
13 13 14 14 15 17 17 
1/2to0/2 4
15 16 16 17 
1/2to1/1 8
14 14 14 14 15 15 16 17 
1/2to1/3 16
13 13 13 14 14 14 14 14 14 14 14 14 15 15 15 15 
1/2to2/2 12
14 14 14 14 14 15 15 16 17 17 17 17 
1/3to0/3 2
16 16 
1/3to1/2 11
14 14 14 14 14 15 15 16 17 17 17 
1/3to1/4 13
14 14 14 15 15 15 15 15 16 16 16 17 17 
1/3to2/3 7
14 14 14 15 15 16 16 
1/4to0/4 13
14 14 14 14 14 15 15 15 15 15 15 17 17 
1/4to1/3 8
14 14 14 14 15 15 15 15 
1/4to2/4 9
13 14 14 14 15 15 15 15 16 
2/0to1/0 13
14 14 14 14 14 14 15 15 15 15 17 17 17 
2/0to2/1 15
13 14 14 14 14 14 14 15 15 15 15 16 16 17 17 
2/0to3/0 2
15 15 
2/1to1/1 7
13 14 14 14 14 14 15 
2/1to2/0 16
14 14 14 14 15 15 15 16 16 16 17 17 18 18 46 48 
2/1to2/2 12
14 14 14 14 14 14 14 14 15 15 15 15 
2/1to3/1 6
14 14 14 14 15 15 
2/2to1/2 6
14 14 15 15 16 17 
2/2to2/1 10
13 14 14 14 14 15 15 15 16 16 
2/2to2/3 18
13 14 14 14 14 14 15 15 15 15 15 15 15 16 17 17 17 17 
2/2to3/2 8
14 14 14 14 15 16 16 17 
2/3to1/3 6
14 15 15 15 15 15 
2/3to2/2 12
14 14 14 14 14 14 14 14 15 15 15 15 
2/3to2/4 18
14 14 15 15 15 15 15 15 15 15 15 15 15 15 15 17 17 17 
2/3to3/3 4
13 13 15 15 
2/4to1/4 12
13 14 14 14 14 14 14 15 15 15 15 16 
2/4to2/3 11
14 14 14 14 14 15 15 15 16 17 18 
2/4to3/4 14
14 14 14 14 15 15 15 15 15 15 15 16 16 17 
3/0to2/0 7
14 14 14 14 15 15 16 
3/0to3/1 13
14 14 14 14 14 14 15 15 15 15 15 15 16 
3/0to4/0 9
14 14 14 14 15 15 16 16 17 
3/1to2/1 11
14 14 14 14 15 15 15 16 16 16 16 
3/1to3/0 11
14 14 14 14 15 15 15 15 16 16 42 
3/1to3/2 5
13 14 15 16 17 
3/1to4/1 4
15 15 15 15 
3/2to2/2 4
14 14 16 16 
3/2to3/1 6
14 14 15 16 16 16 
3/2to3/3 9
14 14 14 14 14 14 15 16 17 
3/2to4/2 6
14 15 15 15 15 16 
3/3to2/3 6
13 14 14 14 17 17 
3/3to3/2 6
15 15 15 15 15 16 
3/3to3/4 9
14 14 15 15 15 15 15 16 16 
3/3to4/3 4
14 16 16 17 
3/4to2/4 11
14 15 15 15 15 15 15 15 16 17 17 
3/4to3/3 7
14 14 14 14 14 14 15 
3/4to4/4 10
14 14 15 15 15 15 15 15 16 16 
4/0to3/0 15
13 14 14 14 14 14 14 14 15 15 15 15 15 17 18 
4/0to4/1 8
13 13 14 14 17 17 17 17 
4/1to3/1 12
14 14 14 14 14 15 15 15 16 16 16 16 
4/1to4/0 14
14 14 14 14 14 14 14 14 15 15 15 15 15 16 
4/1to4/2 5
14 15 15 17 17 
4/2to3/2 8
14 14 14 16 16 16 16 16 
4/2to4/1 17
14 14 14 14 14 14 15 15 15 15 16 16 16 16 16 16 17 
4/2to4/3 4
15 15 15 15 
4/3to3/3 7
15 15 15 15 16 16 16 
4/3to4/2 10
14 14 14 14 15 15 15 15 17 17 
4/3to4/4 8
14 14 15 15 16 16 17 17 
4/4to3/4 6
13 13 14 16 16 17 
4/4to4/3 8
14 14 14 14 14 14 17 17 
