index     vehicle   timeStep    speed     accel       pos         gap       timeGap   

1          obstacle   0.00       0.00       0.00       3200.00    -1.00      -1.00      
2          obstacle   1.00       0.00       0.00       3200.00    -1.00      -1.00      
3          obstacle   2.00       0.00       0.00       3200.00    -1.00      -1.00      
4          obstacle   3.00       0.00       0.00       3200.00    -1.00      -1.00      
5          obstacle   4.00       0.00       0.00       3200.00    -1.00      -1.00      
6          obstacle   5.00       0.00       0.00       3200.00    -1.00      -1.00      
7          obstacle   6.00       0.00       0.00       3200.00    -1.00      -1.00      
8          obstacle   7.00       0.00       0.00       3200.00    -1.00      -1.00      
9          obstacle   8.00       0.00       0.00       3200.00    -1.00      -1.00      
10         obstacle   9.00       0.00       0.00       3200.00    -1.00      -1.00      
10         Krauss1    9.00       0.00       0.00       0.00       3195.00    -1.00      
11         obstacle   10.00      0.00       0.00       3200.00    -1.00      -1.00      
11         Krauss1    10.00      3.00       3.00       3.00       3192.00    1064.00    
12         obstacle   11.00      0.00       0.00       3200.00    -1.00      -1.00      
12         Krauss1    11.00      6.00       3.00       9.00       3186.00    531.00     
13         obstacle   12.00      0.00       0.00       3200.00    -1.00      -1.00      
13         Krauss1    12.00      9.00       3.00       18.00      3177.00    353.00     
14         obstacle   13.00      0.00       0.00       3200.00    -1.00      -1.00      
14         Krauss1    13.00      12.00      3.00       30.00      3165.00    263.75     
15         obstacle   14.00      0.00       0.00       3200.00    -1.00      -1.00      
15         Krauss1    14.00      15.00      3.00       45.00      3150.00    210.00     
16         obstacle   15.00      0.00       0.00       3200.00    -1.00      -1.00      
16         Krauss1    15.00      18.00      3.00       63.00      3132.00    174.00     
17         obstacle   16.00      0.00       0.00       3200.00    -1.00      -1.00      
17         Krauss1    16.00      21.00      3.00       84.00      3111.00    148.14     
18         obstacle   17.00      0.00       0.00       3200.00    -1.00      -1.00      
18         Krauss1    17.00      24.00      3.00       108.00     3087.00    128.62     
19         Krauss2    18.00      0.00       0.00       0.00       -1.00      -1.00      
19         obstacle   18.00      0.00       0.00       3200.00    -3205.00   -1.00      
19         Krauss1    18.00      27.00      3.00       135.00     3060.00    113.33     
20         Krauss2    19.00      3.00       3.00       3.00       -1.00      -1.00      
20         obstacle   19.00      0.00       0.00       3200.00    -3202.00   -1.00      
20         Krauss1    19.00      30.00      3.00       165.00     3030.00    101.00     
21         Krauss2    20.00      6.00       3.00       9.00       -1.00      -1.00      
21         obstacle   20.00      0.00       0.00       3200.00    -3196.00   -1.00      
21         Krauss1    20.00      30.00      0.00       195.00     3000.00    100.00     
22         Krauss2    21.00      9.00       3.00       18.00      -1.00      -1.00      
22         obstacle   21.00      0.00       0.00       3200.00    -3187.00   -1.00      
22         Krauss1    21.00      30.00      0.00       225.00     2970.00    99.00      
23         Krauss2    22.00      12.00      3.00       30.00      -1.00      -1.00      
23         obstacle   22.00      0.00       0.00       3200.00    -3175.00   -1.00      
23         Krauss1    22.00      30.00      0.00       255.00     2940.00    98.00      
24         Krauss2    23.00      15.00      3.00       45.00      -1.00      -1.00      
24         obstacle   23.00      0.00       0.00       3200.00    -3160.00   -1.00      
24         Krauss1    23.00      30.00      0.00       285.00     2910.00    97.00      
25         Krauss2    24.00      18.00      3.00       63.00      -1.00      -1.00      
25         obstacle   24.00      0.00       0.00       3200.00    -3142.00   -1.00      
25         Krauss1    24.00      30.00      0.00       315.00     2880.00    96.00      
26         Krauss2    25.00      21.00      3.00       84.00      -1.00      -1.00      
26         obstacle   25.00      0.00       0.00       3200.00    -3121.00   -1.00      
26         Krauss1    25.00      30.00      0.00       345.00     2850.00    95.00      
27         obstacle   26.00      0.00       0.00       3200.00    -1.00      -1.00      
27         Krauss2    26.00      24.00      3.00       108.00     3087.00    128.62     
27         Krauss1    26.00      30.00      0.00       375.00     -272.00    -9.07      
28         Krauss3    27.00      0.00       0.00       0.00       -1.00      -1.00      
28         obstacle   27.00      0.00       0.00       3200.00    -3205.00   -1.00      
28         Krauss2    27.00      27.00      3.00       135.00     3060.00    113.33     
28         Krauss1    27.00      30.00      0.00       405.00     -275.00    -9.17      
29         Krauss3    28.00      3.00       3.00       3.00       -1.00      -1.00      
29         obstacle   28.00      0.00       0.00       3200.00    -3202.00   -1.00      
29         Krauss2    28.00      30.00      3.00       165.00     3030.00    101.00     
29         Krauss1    28.00      30.00      0.00       435.00     -275.00    -9.17      
30         Krauss3    29.00      6.00       3.00       9.00       -1.00      -1.00      
30         obstacle   29.00      0.00       0.00       3200.00    -3196.00   -1.00      
30         Krauss2    29.00      30.00      0.00       195.00     3000.00    100.00     
30         Krauss1    29.00      30.00      0.00       465.00     -275.00    -9.17      
31         Krauss3    30.00      9.00       3.00       18.00      -1.00      -1.00      
31         obstacle   30.00      0.00       0.00       3200.00    -3187.00   -1.00      
31         Krauss2    30.00      30.00      0.00       225.00     2970.00    99.00      
31         Krauss1    30.00      30.00      0.00       495.00     -275.00    -9.17      
32         Krauss3    31.00      12.00      3.00       30.00      -1.00      -1.00      
32         obstacle   31.00      0.00       0.00       3200.00    -3175.00   -1.00      
32         Krauss2    31.00      30.00      0.00       255.00     2940.00    98.00      
32         Krauss1    31.00      30.00      0.00       525.00     -275.00    -9.17      
33         Krauss3    32.00      15.00      3.00       45.00      -1.00      -1.00      
33         obstacle   32.00      0.00       0.00       3200.00    -3160.00   -1.00      
33         Krauss2    32.00      30.00      0.00       285.00     2910.00    97.00      
33         Krauss1    32.00      30.00      0.00       555.00     -275.00    -9.17      
34         Krauss3    33.00      18.00      3.00       63.00      -1.00      -1.00      
34         obstacle   33.00      0.00       0.00       3200.00    -3142.00   -1.00      
34         Krauss2    33.00      30.00      0.00       315.00     2880.00    96.00      
34         Krauss1    33.00      30.00      0.00       585.00     -275.00    -9.17      
35         Krauss3    34.00      21.00      3.00       84.00      -1.00      -1.00      
35         obstacle   34.00      0.00       0.00       3200.00    -3121.00   -1.00      
35         Krauss2    34.00      30.00      0.00       345.00     2850.00    95.00      
35         Krauss1    34.00      30.00      0.00       615.00     -275.00    -9.17      
36         Krauss3    35.00      24.00      3.00       108.00     -1.00      -1.00      
36         obstacle   35.00      0.00       0.00       3200.00    -3097.00   -1.00      
36         Krauss2    35.00      30.00      0.00       375.00     2820.00    94.00      
36         Krauss1    35.00      30.00      0.00       645.00     -275.00    -9.17      
37         Krauss3    36.00      27.00      3.00       135.00     -1.00      -1.00      
37         obstacle   36.00      0.00       0.00       3200.00    -3070.00   -1.00      
37         Krauss2    36.00      30.00      0.00       405.00     2790.00    93.00      
37         Krauss4    36.00      0.00       0.00       0.00       400.00     -1.00      
37         Krauss1    36.00      30.00      0.00       675.00     -680.00    -22.67     
38         Krauss3    37.00      30.00      3.00       165.00     -1.00      -1.00      
38         obstacle   37.00      0.00       0.00       3200.00    -3040.00   -1.00      
38         Krauss2    37.00      30.00      0.00       435.00     2760.00    92.00      
38         Krauss4    37.00      3.00       3.00       3.00       427.00     142.33     
38         Krauss1    37.00      30.00      0.00       705.00     -707.00    -23.57     
39         Krauss3    38.00      30.00      0.00       195.00     -1.00      -1.00      
39         obstacle   38.00      0.00       0.00       3200.00    -3010.00   -1.00      
39         Krauss2    38.00      30.00      0.00       465.00     2730.00    91.00      
39         Krauss4    38.00      6.00       3.00       9.00       451.00     75.17      
39         Krauss1    38.00      30.00      0.00       735.00     -731.00    -24.37     
40         Krauss3    39.00      30.00      0.00       225.00     -1.00      -1.00      
40         obstacle   39.00      0.00       0.00       3200.00    -2980.00   -1.00      
40         Krauss2    39.00      30.00      0.00       495.00     2700.00    90.00      
40         Krauss4    39.00      9.00       3.00       18.00      472.00     52.44      
40         Krauss1    39.00      30.00      0.00       765.00     -752.00    -25.07     
41         Krauss3    40.00      30.00      0.00       255.00     -1.00      -1.00      
41         obstacle   40.00      0.00       0.00       3200.00    -2950.00   -1.00      
41         Krauss2    40.00      30.00      0.00       525.00     2670.00    89.00      
41         Krauss4    40.00      12.00      3.00       30.00      490.00     40.83      
41         Krauss1    40.00      30.00      0.00       795.00     -770.00    -25.67     
42         Krauss3    41.00      30.00      0.00       285.00     -1.00      -1.00      
42         obstacle   41.00      0.00       0.00       3200.00    -2920.00   -1.00      
42         Krauss2    41.00      30.00      0.00       555.00     2640.00    88.00      
42         Krauss4    41.00      15.00      3.00       45.00      505.00     33.67      
42         Krauss1    41.00      30.00      0.00       825.00     -785.00    -26.17     
43         Krauss3    42.00      30.00      0.00       315.00     -1.00      -1.00      
43         obstacle   42.00      0.00       0.00       3200.00    -2890.00   -1.00      
43         Krauss2    42.00      30.00      0.00       585.00     2610.00    87.00      
43         Krauss4    42.00      18.00      3.00       63.00      517.00     28.72      
43         Krauss1    42.00      30.00      0.00       855.00     -797.00    -26.57     
44         Krauss3    43.00      30.00      0.00       345.00     -1.00      -1.00      
44         obstacle   43.00      0.00       0.00       3200.00    -2860.00   -1.00      
44         Krauss2    43.00      30.00      0.00       615.00     2580.00    86.00      
44         Krauss4    43.00      21.00      3.00       84.00      526.00     25.05      
44         Krauss1    43.00      30.00      0.00       885.00     -806.00    -26.87     
45         Krauss3    44.00      30.00      0.00       375.00     -1.00      -1.00      
45         obstacle   44.00      0.00       0.00       3200.00    -2830.00   -1.00      
45         Krauss2    44.00      30.00      0.00       645.00     2550.00    85.00      
45         Krauss4    44.00      24.00      3.00       108.00     532.00     22.17      
45         Krauss1    44.00      30.00      0.00       915.00     -812.00    -27.07     
46         Krauss3    45.00      30.00      0.00       405.00     -1.00      -1.00      
46         Krauss5    45.00      0.00       0.00       0.00       400.00     -1.00      
46         obstacle   45.00      0.00       0.00       3200.00    -3205.00   -1.00      
46         Krauss2    45.00      30.00      0.00       675.00     2520.00    84.00      
46         Krauss4    45.00      27.00      3.00       135.00     535.00     19.81      
46         Krauss1    45.00      30.00      0.00       945.00     -815.00    -27.17     
47         Krauss3    46.00      30.00      0.00       435.00     -1.00      -1.00      
47         Krauss5    46.00      3.00       3.00       3.00       427.00     142.33     
47         obstacle   46.00      0.00       0.00       3200.00    -3202.00   -1.00      
47         Krauss2    46.00      30.00      0.00       705.00     2490.00    83.00      
47         Krauss4    46.00      30.00      3.00       165.00     535.00     17.83      
47         Krauss1    46.00      30.00      0.00       975.00     -815.00    -27.17     
48         Krauss3    47.00      30.00      0.00       465.00     -1.00      -1.00      
48         Krauss5    47.00      6.00       3.00       9.00       451.00     75.17      
48         obstacle   47.00      0.00       0.00       3200.00    -3196.00   -1.00      
48         Krauss2    47.00      30.00      0.00       735.00     2460.00    82.00      
48         Krauss4    47.00      30.00      0.00       195.00     535.00     17.83      
48         Krauss1    47.00      30.00      0.00       1005.00    -815.00    -27.17     
49         Krauss3    48.00      30.00      0.00       495.00     -1.00      -1.00      
49         Krauss5    48.00      9.00       3.00       18.00      472.00     52.44      
49         obstacle   48.00      0.00       0.00       3200.00    -3187.00   -1.00      
49         Krauss2    48.00      30.00      0.00       765.00     2430.00    81.00      
49         Krauss4    48.00      30.00      0.00       225.00     535.00     17.83      
49         Krauss1    48.00      30.00      0.00       1035.00    -815.00    -27.17     
50         Krauss3    49.00      30.00      0.00       525.00     -1.00      -1.00      
50         Krauss5    49.00      12.00      3.00       30.00      490.00     40.83      
50         obstacle   49.00      0.00       0.00       3200.00    -3175.00   -1.00      
50         Krauss2    49.00      30.00      0.00       795.00     2400.00    80.00      
50         Krauss4    49.00      30.00      0.00       255.00     535.00     17.83      
50         Krauss1    49.00      30.00      0.00       1065.00    -815.00    -27.17     
51         Krauss3    50.00      30.00      0.00       555.00     -1.00      -1.00      
51         Krauss5    50.00      15.00      3.00       45.00      505.00     33.67      
51         obstacle   50.00      0.00       0.00       3200.00    -3160.00   -1.00      
51         Krauss2    50.00      30.00      0.00       825.00     2370.00    79.00      
51         Krauss4    50.00      30.00      0.00       285.00     535.00     17.83      
51         Krauss1    50.00      30.00      0.00       1095.00    -815.00    -27.17     
52         Krauss3    51.00      30.00      0.00       585.00     -1.00      -1.00      
52         Krauss5    51.00      18.00      3.00       63.00      517.00     28.72      
52         obstacle   51.00      0.00       0.00       3200.00    -3142.00   -1.00      
52         Krauss2    51.00      30.00      0.00       855.00     2340.00    78.00      
52         Krauss4    51.00      30.00      0.00       315.00     535.00     17.83      
52         Krauss1    51.00      30.00      0.00       1125.00    -815.00    -27.17     
53         Krauss3    52.00      30.00      0.00       615.00     -1.00      -1.00      
53         Krauss5    52.00      21.00      3.00       84.00      526.00     25.05      
53         obstacle   52.00      0.00       0.00       3200.00    -3121.00   -1.00      
53         Krauss2    52.00      30.00      0.00       885.00     2310.00    77.00      
53         Krauss4    52.00      30.00      0.00       345.00     535.00     17.83      
53         Krauss1    52.00      30.00      0.00       1155.00    -815.00    -27.17     
54         Krauss3    53.00      30.00      0.00       645.00     -1.00      -1.00      
54         Krauss5    53.00      24.00      3.00       108.00     532.00     22.17      
54         obstacle   53.00      0.00       0.00       3200.00    -3097.00   -1.00      
54         Krauss2    53.00      30.00      0.00       915.00     2280.00    76.00      
54         Krauss4    53.00      30.00      0.00       375.00     535.00     17.83      
54         Krauss1    53.00      30.00      0.00       1185.00    -815.00    -27.17     
55         Krauss3    54.00      30.00      0.00       675.00     -1.00      -1.00      
55         Krauss5    54.00      27.00      3.00       135.00     535.00     19.81      
55         obstacle   54.00      0.00       0.00       3200.00    -3070.00   -1.00      
55         Krauss2    54.00      30.00      0.00       945.00     2250.00    75.00      
55         Krauss4    54.00      30.00      0.00       405.00     535.00     17.83      
55         Krauss6    54.00      0.00       0.00       0.00       400.00     -1.00      
55         Krauss1    54.00      30.00      0.00       1215.00    -1220.00   -40.67     
56         Krauss3    55.00      30.00      0.00       705.00     -1.00      -1.00      
56         Krauss5    55.00      30.00      3.00       165.00     535.00     17.83      
56         obstacle   55.00      0.00       0.00       3200.00    -3040.00   -1.00      
56         Krauss2    55.00      30.00      0.00       975.00     2220.00    74.00      
56         Krauss4    55.00      30.00      0.00       435.00     535.00     17.83      
56         Krauss6    55.00      3.00       3.00       3.00       427.00     142.33     
56         Krauss1    55.00      30.00      0.00       1245.00    -1247.00   -41.57     
57         Krauss3    56.00      30.00      0.00       735.00     -1.00      -1.00      
57         Krauss5    56.00      30.00      0.00       195.00     535.00     17.83      
57         obstacle   56.00      0.00       0.00       3200.00    -3010.00   -1.00      
57         Krauss2    56.00      30.00      0.00       1005.00    2190.00    73.00      
57         Krauss4    56.00      30.00      0.00       465.00     535.00     17.83      
57         Krauss6    56.00      6.00       3.00       9.00       451.00     75.17      
57         Krauss1    56.00      30.00      0.00       1275.00    -1271.00   -42.37     
58         Krauss3    57.00      30.00      0.00       765.00     -1.00      -1.00      
58         Krauss5    57.00      30.00      0.00       225.00     535.00     17.83      
58         obstacle   57.00      0.00       0.00       3200.00    -2980.00   -1.00      
58         Krauss2    57.00      30.00      0.00       1035.00    2160.00    72.00      
58         Krauss4    57.00      30.00      0.00       495.00     535.00     17.83      
58         Krauss6    57.00      9.00       3.00       18.00      472.00     52.44      
58         Krauss1    57.00      30.00      0.00       1305.00    -1292.00   -43.07     
59         Krauss3    58.00      30.00      0.00       795.00     -1.00      -1.00      
59         Krauss5    58.00      30.00      0.00       255.00     535.00     17.83      
59         obstacle   58.00      0.00       0.00       3200.00    -2950.00   -1.00      
59         Krauss2    58.00      30.00      0.00       1065.00    2130.00    71.00      
59         Krauss4    58.00      30.00      0.00       525.00     535.00     17.83      
59         Krauss6    58.00      12.00      3.00       30.00      490.00     40.83      
59         Krauss1    58.00      30.00      0.00       1335.00    -1310.00   -43.67     
60         Krauss3    59.00      30.00      0.00       825.00     -1.00      -1.00      
60         Krauss5    59.00      30.00      0.00       285.00     535.00     17.83      
60         obstacle   59.00      0.00       0.00       3200.00    -2920.00   -1.00      
60         Krauss2    59.00      30.00      0.00       1095.00    2100.00    70.00      
60         Krauss4    59.00      30.00      0.00       555.00     535.00     17.83      
60         Krauss6    59.00      15.00      3.00       45.00      505.00     33.67      
60         Krauss1    59.00      30.00      0.00       1365.00    -1325.00   -44.17     
61         Krauss3    60.00      30.00      0.00       855.00     -1.00      -1.00      
61         Krauss5    60.00      30.00      0.00       315.00     535.00     17.83      
61         obstacle   60.00      0.00       0.00       3200.00    -2890.00   -1.00      
61         Krauss2    60.00      30.00      0.00       1125.00    2070.00    69.00      
61         Krauss4    60.00      30.00      0.00       585.00     535.00     17.83      
61         Krauss6    60.00      18.00      3.00       63.00      517.00     28.72      
61         Krauss1    60.00      30.00      0.00       1395.00    -1337.00   -44.57     
62         Krauss3    61.00      30.00      0.00       885.00     -1.00      -1.00      
62         Krauss5    61.00      30.00      0.00       345.00     535.00     17.83      
62         obstacle   61.00      0.00       0.00       3200.00    -2860.00   -1.00      
62         Krauss2    61.00      30.00      0.00       1155.00    2040.00    68.00      
62         Krauss4    61.00      30.00      0.00       615.00     535.00     17.83      
62         Krauss6    61.00      21.00      3.00       84.00      526.00     25.05      
62         Krauss1    61.00      30.00      0.00       1425.00    -1346.00   -44.87     
63         Krauss3    62.00      30.00      0.00       915.00     -1.00      -1.00      
63         Krauss5    62.00      30.00      0.00       375.00     535.00     17.83      
63         obstacle   62.00      0.00       0.00       3200.00    -2830.00   -1.00      
63         Krauss2    62.00      30.00      0.00       1185.00    2010.00    67.00      
63         Krauss4    62.00      30.00      0.00       645.00     535.00     17.83      
63         Krauss6    62.00      24.00      3.00       108.00     532.00     22.17      
63         Krauss1    62.00      30.00      0.00       1455.00    -1352.00   -45.07     
64         Krauss3    63.00      30.00      0.00       945.00     -1.00      -1.00      
64         Krauss5    63.00      30.00      0.00       405.00     535.00     17.83      
64         obstacle   63.00      0.00       0.00       3200.00    -2800.00   -1.00      
64         Krauss2    63.00      30.00      0.00       1215.00    1980.00    66.00      
64         Krauss4    63.00      30.00      0.00       675.00     535.00     17.83      
64         Krauss6    63.00      27.00      3.00       135.00     535.00     19.81      
64         Krauss1    63.00      30.00      0.00       1485.00    -1355.00   -45.17     
64         Krauss7    63.00      0.00       0.00       0.00       1480.00    -1.00      
65         Krauss3    64.00      30.00      0.00       975.00     -1.00      -1.00      
65         Krauss5    64.00      30.00      0.00       435.00     535.00     17.83      
65         obstacle   64.00      0.00       0.00       3200.00    -2770.00   -1.00      
65         Krauss2    64.00      30.00      0.00       1245.00    1950.00    65.00      
65         Krauss4    64.00      30.00      0.00       705.00     535.00     17.83      
65         Krauss6    64.00      30.00      3.00       165.00     535.00     17.83      
65         Krauss1    64.00      30.00      0.00       1515.00    -1355.00   -45.17     
65         Krauss7    64.00      3.00       3.00       3.00       1507.00    502.33     
66         Krauss3    65.00      30.00      0.00       1005.00    -1.00      -1.00      
66         Krauss5    65.00      30.00      0.00       465.00     535.00     17.83      
66         obstacle   65.00      0.00       0.00       3200.00    -2740.00   -1.00      
66         Krauss2    65.00      30.00      0.00       1275.00    1920.00    64.00      
66         Krauss4    65.00      30.00      0.00       735.00     535.00     17.83      
66         Krauss6    65.00      30.00      0.00       195.00     535.00     17.83      
66         Krauss1    65.00      30.00      0.00       1545.00    -1355.00   -45.17     
66         Krauss7    65.00      6.00       3.00       9.00       1531.00    255.17     
67         Krauss3    66.00      30.00      0.00       1035.00    -1.00      -1.00      
67         Krauss5    66.00      30.00      0.00       495.00     535.00     17.83      
67         obstacle   66.00      0.00       0.00       3200.00    -2710.00   -1.00      
67         Krauss2    66.00      30.00      0.00       1305.00    1890.00    63.00      
67         Krauss4    66.00      30.00      0.00       765.00     535.00     17.83      
67         Krauss6    66.00      30.00      0.00       225.00     535.00     17.83      
67         Krauss1    66.00      30.00      0.00       1575.00    -1355.00   -45.17     
67         Krauss7    66.00      9.00       3.00       18.00      1552.00    172.44     
68         Krauss3    67.00      30.00      0.00       1065.00    -1.00      -1.00      
68         Krauss5    67.00      30.00      0.00       525.00     535.00     17.83      
68         obstacle   67.00      0.00       0.00       3200.00    -2680.00   -1.00      
68         Krauss2    67.00      30.00      0.00       1335.00    1860.00    62.00      
68         Krauss4    67.00      30.00      0.00       795.00     535.00     17.83      
68         Krauss6    67.00      30.00      0.00       255.00     535.00     17.83      
68         Krauss1    67.00      30.00      0.00       1605.00    -1355.00   -45.17     
68         Krauss7    67.00      12.00      3.00       30.00      1570.00    130.83     
69         Krauss3    68.00      30.00      0.00       1095.00    -1.00      -1.00      
69         Krauss5    68.00      30.00      0.00       555.00     535.00     17.83      
69         obstacle   68.00      0.00       0.00       3200.00    -2650.00   -1.00      
69         Krauss2    68.00      30.00      0.00       1365.00    1830.00    61.00      
69         Krauss4    68.00      30.00      0.00       825.00     535.00     17.83      
69         Krauss6    68.00      30.00      0.00       285.00     535.00     17.83      
69         Krauss1    68.00      30.00      0.00       1635.00    -1355.00   -45.17     
69         Krauss7    68.00      15.00      3.00       45.00      1585.00    105.67     
70         Krauss3    69.00      30.00      0.00       1125.00    -1.00      -1.00      
70         Krauss5    69.00      30.00      0.00       585.00     535.00     17.83      
70         obstacle   69.00      0.00       0.00       3200.00    -2620.00   -1.00      
70         Krauss2    69.00      30.00      0.00       1395.00    1800.00    60.00      
70         Krauss4    69.00      30.00      0.00       855.00     535.00     17.83      
70         Krauss6    69.00      30.00      0.00       315.00     535.00     17.83      
70         Krauss1    69.00      30.00      0.00       1665.00    -1355.00   -45.17     
70         Krauss7    69.00      18.00      3.00       63.00      1597.00    88.72      
71         Krauss3    70.00      30.00      0.00       1155.00    -1.00      -1.00      
71         Krauss5    70.00      30.00      0.00       615.00     535.00     17.83      
71         obstacle   70.00      0.00       0.00       3200.00    -2590.00   -1.00      
71         Krauss2    70.00      30.00      0.00       1425.00    1770.00    59.00      
71         Krauss4    70.00      30.00      0.00       885.00     535.00     17.83      
71         Krauss6    70.00      30.00      0.00       345.00     535.00     17.83      
71         Krauss1    70.00      30.00      0.00       1695.00    -1355.00   -45.17     
71         Krauss7    70.00      21.00      3.00       84.00      1606.00    76.48      
72         Krauss3    71.00      30.00      0.00       1185.00    -1.00      -1.00      
72         Krauss5    71.00      30.00      0.00       645.00     535.00     17.83      
72         obstacle   71.00      0.00       0.00       3200.00    -2560.00   -1.00      
72         Krauss2    71.00      30.00      0.00       1455.00    1740.00    58.00      
72         Krauss4    71.00      30.00      0.00       915.00     535.00     17.83      
72         Krauss6    71.00      30.00      0.00       375.00     535.00     17.83      
72         Krauss1    71.00      30.00      0.00       1725.00    -1355.00   -45.17     
72         Krauss7    71.00      24.00      3.00       108.00     1612.00    67.17      
73         Krauss3    72.00      30.00      0.00       1215.00    -1.00      -1.00      
73         Krauss5    72.00      30.00      0.00       675.00     535.00     17.83      
73         obstacle   72.00      0.00       0.00       3200.00    -2530.00   -1.00      
73         Krauss2    72.00      30.00      0.00       1485.00    1710.00    57.00      
73         Krauss4    72.00      30.00      0.00       945.00     535.00     17.83      
73         Krauss6    72.00      30.00      0.00       405.00     535.00     17.83      
73         Krauss1    72.00      30.00      0.00       1755.00    -1355.00   -45.17     
73         Krauss7    72.00      27.00      3.00       135.00     1615.00    59.81      
73         Krauss8    72.00      0.00       0.00       0.00       130.00     -1.00      
74         Krauss3    73.00      30.00      0.00       1245.00    -1.00      -1.00      
74         Krauss5    73.00      30.00      0.00       705.00     535.00     17.83      
74         obstacle   73.00      0.00       0.00       3200.00    -2500.00   -1.00      
74         Krauss2    73.00      30.00      0.00       1515.00    1680.00    56.00      
74         Krauss4    73.00      30.00      0.00       975.00     535.00     17.83      
74         Krauss6    73.00      30.00      0.00       435.00     535.00     17.83      
74         Krauss1    73.00      30.00      0.00       1785.00    -1355.00   -45.17     
74         Krauss7    73.00      30.00      3.00       165.00     1615.00    53.83      
74         Krauss8    73.00      3.00       3.00       3.00       157.00     52.33      
75         Krauss3    74.00      30.00      0.00       1275.00    -1.00      -1.00      
75         Krauss5    74.00      30.00      0.00       735.00     535.00     17.83      
75         obstacle   74.00      0.00       0.00       3200.00    -2470.00   -1.00      
75         Krauss2    74.00      30.00      0.00       1545.00    1650.00    55.00      
75         Krauss4    74.00      30.00      0.00       1005.00    535.00     17.83      
75         Krauss6    74.00      30.00      0.00       465.00     535.00     17.83      
75         Krauss1    74.00      30.00      0.00       1815.00    -1355.00   -45.17     
75         Krauss7    74.00      30.00      0.00       195.00     1615.00    53.83      
75         Krauss8    74.00      6.00       3.00       9.00       181.00     30.17      
76         Krauss3    75.00      30.00      0.00       1305.00    -1.00      -1.00      
76         Krauss5    75.00      30.00      0.00       765.00     535.00     17.83      
76         obstacle   75.00      0.00       0.00       3200.00    -2440.00   -1.00      
76         Krauss2    75.00      30.00      0.00       1575.00    1620.00    54.00      
76         Krauss4    75.00      30.00      0.00       1035.00    535.00     17.83      
76         Krauss6    75.00      30.00      0.00       495.00     535.00     17.83      
76         Krauss1    75.00      30.00      0.00       1845.00    -1355.00   -45.17     
76         Krauss7    75.00      30.00      0.00       225.00     1615.00    53.83      
76         Krauss8    75.00      9.00       3.00       18.00      202.00     22.44      
77         Krauss3    76.00      30.00      0.00       1335.00    -1.00      -1.00      
77         Krauss5    76.00      30.00      0.00       795.00     535.00     17.83      
77         obstacle   76.00      0.00       0.00       3200.00    -2410.00   -1.00      
77         Krauss2    76.00      30.00      0.00       1605.00    1590.00    53.00      
77         Krauss4    76.00      30.00      0.00       1065.00    535.00     17.83      
77         Krauss6    76.00      30.00      0.00       525.00     535.00     17.83      
77         Krauss1    76.00      30.00      0.00       1875.00    -1355.00   -45.17     
77         Krauss7    76.00      30.00      0.00       255.00     1615.00    53.83      
77         Krauss8    76.00      12.00      3.00       30.00      220.00     18.33      
78         Krauss3    77.00      30.00      0.00       1365.00    -1.00      -1.00      
78         Krauss5    77.00      30.00      0.00       825.00     535.00     17.83      
78         obstacle   77.00      0.00       0.00       3200.00    -2380.00   -1.00      
78         Krauss2    77.00      30.00      0.00       1635.00    1560.00    52.00      
78         Krauss4    77.00      30.00      0.00       1095.00    535.00     17.83      
78         Krauss6    77.00      30.00      0.00       555.00     535.00     17.83      
78         Krauss1    77.00      30.00      0.00       1905.00    -1355.00   -45.17     
78         Krauss7    77.00      30.00      0.00       285.00     1615.00    53.83      
78         Krauss8    77.00      15.00      3.00       45.00      235.00     15.67      
79         Krauss3    78.00      30.00      0.00       1395.00    -1.00      -1.00      
79         Krauss5    78.00      30.00      0.00       855.00     535.00     17.83      
79         obstacle   78.00      0.00       0.00       3200.00    -2350.00   -1.00      
79         Krauss2    78.00      30.00      0.00       1665.00    1530.00    51.00      
79         Krauss4    78.00      30.00      0.00       1125.00    535.00     17.83      
79         Krauss6    78.00      30.00      0.00       585.00     535.00     17.83      
79         Krauss1    78.00      30.00      0.00       1935.00    -1355.00   -45.17     
79         Krauss7    78.00      30.00      0.00       315.00     1615.00    53.83      
79         Krauss8    78.00      18.00      3.00       63.00      247.00     13.72      
80         Krauss3    79.00      30.00      0.00       1425.00    -1.00      -1.00      
80         Krauss5    79.00      30.00      0.00       885.00     535.00     17.83      
80         obstacle   79.00      0.00       0.00       3200.00    -2320.00   -1.00      
80         Krauss2    79.00      30.00      0.00       1695.00    1500.00    50.00      
80         Krauss4    79.00      30.00      0.00       1155.00    535.00     17.83      
80         Krauss6    79.00      30.00      0.00       615.00     535.00     17.83      
80         Krauss1    79.00      30.00      0.00       1965.00    -1355.00   -45.17     
80         Krauss7    79.00      30.00      0.00       345.00     1615.00    53.83      
80         Krauss8    79.00      21.00      3.00       84.00      256.00     12.19      
81         Krauss3    80.00      30.00      0.00       1455.00    -1.00      -1.00      
81         Krauss5    80.00      30.00      0.00       915.00     535.00     17.83      
81         obstacle   80.00      0.00       0.00       3200.00    -2290.00   -1.00      
81         Krauss2    80.00      30.00      0.00       1725.00    1470.00    49.00      
81         Krauss4    80.00      30.00      0.00       1185.00    535.00     17.83      
81         Krauss6    80.00      30.00      0.00       645.00     535.00     17.83      
81         Krauss1    80.00      30.00      0.00       1995.00    -1355.00   -45.17     
81         Krauss7    80.00      30.00      0.00       375.00     1615.00    53.83      
81         Krauss8    80.00      24.00      3.00       108.00     262.00     10.92      
82         Krauss3    81.00      30.00      0.00       1485.00    -1.00      -1.00      
82         Krauss5    81.00      30.00      0.00       945.00     535.00     17.83      
82         Krauss9    81.00      0.00       0.00       0.00       940.00     -1.00      
82         obstacle   81.00      0.00       0.00       3200.00    -3205.00   -1.00      
82         Krauss2    81.00      30.00      0.00       1755.00    1440.00    48.00      
82         Krauss4    81.00      30.00      0.00       1215.00    535.00     17.83      
82         Krauss6    81.00      30.00      0.00       675.00     535.00     17.83      
82         Krauss1    81.00      30.00      0.00       2025.00    -1355.00   -45.17     
82         Krauss7    81.00      30.00      0.00       405.00     1615.00    53.83      
82         Krauss8    81.00      27.00      3.00       135.00     265.00     9.81       
83         Krauss3    82.00      30.00      0.00       1515.00    -1.00      -1.00      
83         Krauss5    82.00      30.00      0.00       975.00     535.00     17.83      
83         Krauss9    82.00      3.00       3.00       3.00       967.00     322.33     
83         obstacle   82.00      0.00       0.00       3200.00    -3202.00   -1.00      
83         Krauss2    82.00      30.00      0.00       1785.00    1410.00    47.00      
83         Krauss4    82.00      30.00      0.00       1245.00    535.00     17.83      
83         Krauss6    82.00      30.00      0.00       705.00     535.00     17.83      
83         Krauss1    82.00      30.00      0.00       2055.00    -1355.00   -45.17     
83         Krauss7    82.00      30.00      0.00       435.00     1615.00    53.83      
83         Krauss8    82.00      30.00      3.00       165.00     265.00     8.83       
84         Krauss3    83.00      30.00      0.00       1545.00    -1.00      -1.00      
84         Krauss5    83.00      30.00      0.00       1005.00    535.00     17.83      
84         Krauss9    83.00      6.00       3.00       9.00       991.00     165.17     
84         obstacle   83.00      0.00       0.00       3200.00    -3196.00   -1.00      
84         Krauss2    83.00      30.00      0.00       1815.00    1380.00    46.00      
84         Krauss4    83.00      30.00      0.00       1275.00    535.00     17.83      
84         Krauss6    83.00      30.00      0.00       735.00     535.00     17.83      
84         Krauss1    83.00      30.00      0.00       2085.00    -1355.00   -45.17     
84         Krauss7    83.00      30.00      0.00       465.00     1615.00    53.83      
84         Krauss8    83.00      30.00      0.00       195.00     265.00     8.83       
85         Krauss3    84.00      30.00      0.00       1575.00    -1.00      -1.00      
85         Krauss5    84.00      30.00      0.00       1035.00    535.00     17.83      
85         Krauss9    84.00      9.00       3.00       18.00      1012.00    112.44     
85         obstacle   84.00      0.00       0.00       3200.00    -3187.00   -1.00      
85         Krauss2    84.00      30.00      0.00       1845.00    1350.00    45.00      
85         Krauss4    84.00      30.00      0.00       1305.00    535.00     17.83      
85         Krauss6    84.00      30.00      0.00       765.00     535.00     17.83      
85         Krauss1    84.00      30.00      0.00       2115.00    -1355.00   -45.17     
85         Krauss7    84.00      30.00      0.00       495.00     1615.00    53.83      
85         Krauss8    84.00      30.00      0.00       225.00     265.00     8.83       
86         Krauss3    85.00      30.00      0.00       1605.00    -1.00      -1.00      
86         Krauss5    85.00      30.00      0.00       1065.00    535.00     17.83      
86         Krauss9    85.00      12.00      3.00       30.00      1030.00    85.83      
86         obstacle   85.00      0.00       0.00       3200.00    -3175.00   -1.00      
86         Krauss2    85.00      30.00      0.00       1875.00    1320.00    44.00      
86         Krauss4    85.00      30.00      0.00       1335.00    535.00     17.83      
86         Krauss6    85.00      30.00      0.00       795.00     535.00     17.83      
86         Krauss1    85.00      30.00      0.00       2145.00    -1355.00   -45.17     
86         Krauss7    85.00      30.00      0.00       525.00     1615.00    53.83      
86         Krauss8    85.00      30.00      0.00       255.00     265.00     8.83       
87         Krauss3    86.00      30.00      0.00       1635.00    -1.00      -1.00      
87         Krauss5    86.00      30.00      0.00       1095.00    535.00     17.83      
87         Krauss9    86.00      15.00      3.00       45.00      1045.00    69.67      
87         obstacle   86.00      0.00       0.00       3200.00    -3160.00   -1.00      
87         Krauss2    86.00      30.00      0.00       1905.00    1290.00    43.00      
87         Krauss4    86.00      30.00      0.00       1365.00    535.00     17.83      
87         Krauss6    86.00      30.00      0.00       825.00     535.00     17.83      
87         Krauss1    86.00      30.00      0.00       2175.00    -1355.00   -45.17     
87         Krauss7    86.00      30.00      0.00       555.00     1615.00    53.83      
87         Krauss8    86.00      30.00      0.00       285.00     265.00     8.83       
88         Krauss3    87.00      30.00      0.00       1665.00    -1.00      -1.00      
88         Krauss5    87.00      30.00      0.00       1125.00    535.00     17.83      
88         Krauss9    87.00      18.00      3.00       63.00      1057.00    58.72      
88         obstacle   87.00      0.00       0.00       3200.00    -3142.00   -1.00      
88         Krauss2    87.00      30.00      0.00       1935.00    1260.00    42.00      
88         Krauss4    87.00      30.00      0.00       1395.00    535.00     17.83      
88         Krauss6    87.00      30.00      0.00       855.00     535.00     17.83      
88         Krauss1    87.00      30.00      0.00       2205.00    -1355.00   -45.17     
88         Krauss7    87.00      30.00      0.00       585.00     1615.00    53.83      
88         Krauss8    87.00      30.00      0.00       315.00     265.00     8.83       
89         Krauss3    88.00      30.00      0.00       1695.00    -1.00      -1.00      
89         Krauss5    88.00      30.00      0.00       1155.00    535.00     17.83      
89         Krauss9    88.00      21.00      3.00       84.00      1066.00    50.76      
89         obstacle   88.00      0.00       0.00       3200.00    -3121.00   -1.00      
89         Krauss2    88.00      30.00      0.00       1965.00    1230.00    41.00      
89         Krauss4    88.00      30.00      0.00       1425.00    535.00     17.83      
89         Krauss6    88.00      30.00      0.00       885.00     535.00     17.83      
89         Krauss1    88.00      30.00      0.00       2235.00    -1355.00   -45.17     
89         Krauss7    88.00      30.00      0.00       615.00     1615.00    53.83      
89         Krauss8    88.00      30.00      0.00       345.00     265.00     8.83       
90         Krauss3    89.00      30.00      0.00       1725.00    -1.00      -1.00      
90         Krauss5    89.00      30.00      0.00       1185.00    535.00     17.83      
90         Krauss9    89.00      24.00      3.00       108.00     1072.00    44.67      
90         obstacle   89.00      0.00       0.00       3200.00    -3097.00   -1.00      
90         Krauss2    89.00      30.00      0.00       1995.00    1200.00    40.00      
90         Krauss4    89.00      30.00      0.00       1455.00    535.00     17.83      
90         Krauss6    89.00      30.00      0.00       915.00     535.00     17.83      
90         Krauss1    89.00      30.00      0.00       2265.00    -1355.00   -45.17     
90         Krauss7    89.00      30.00      0.00       645.00     1615.00    53.83      
90         Krauss8    89.00      30.00      0.00       375.00     265.00     8.83       
91         Krauss3    90.00      30.00      0.00       1755.00    -1.00      -1.00      
91         Krauss5    90.00      30.00      0.00       1215.00    535.00     17.83      
91         Krauss9    90.00      27.00      3.00       135.00     1075.00    39.81      
91         obstacle   90.00      0.00       0.00       3200.00    -3070.00   -1.00      
91         Krauss2    90.00      30.00      0.00       2025.00    1170.00    39.00      
91         Krauss4    90.00      30.00      0.00       1485.00    535.00     17.83      
91         Krauss6    90.00      30.00      0.00       945.00     535.00     17.83      
91         Krauss10   90.00      0.00       0.00       0.00       940.00     -1.00      
91         Krauss1    90.00      30.00      0.00       2295.00    -2300.00   -76.67     
91         Krauss7    90.00      30.00      0.00       675.00     1615.00    53.83      
91         Krauss8    90.00      30.00      0.00       405.00     265.00     8.83       
92         Krauss3    91.00      30.00      0.00       1785.00    -1.00      -1.00      
92         Krauss5    91.00      30.00      0.00       1245.00    535.00     17.83      
92         Krauss9    91.00      30.00      3.00       165.00     1075.00    35.83      
92         obstacle   91.00      0.00       0.00       3200.00    -3040.00   -1.00      
92         Krauss2    91.00      30.00      0.00       2055.00    1140.00    38.00      
92         Krauss4    91.00      30.00      0.00       1515.00    535.00     17.83      
92         Krauss6    91.00      30.00      0.00       975.00     535.00     17.83      
92         Krauss10   91.00      3.00       3.00       3.00       967.00     322.33     
92         Krauss1    91.00      30.00      0.00       2325.00    -2327.00   -77.57     
92         Krauss7    91.00      30.00      0.00       705.00     1615.00    53.83      
92         Krauss8    91.00      30.00      0.00       435.00     265.00     8.83       
93         Krauss3    92.00      30.00      0.00       1815.00    -1.00      -1.00      
93         Krauss5    92.00      30.00      0.00       1275.00    535.00     17.83      
93         Krauss9    92.00      30.00      0.00       195.00     1075.00    35.83      
93         obstacle   92.00      0.00       0.00       3200.00    -3010.00   -1.00      
93         Krauss2    92.00      30.00      0.00       2085.00    1110.00    37.00      
93         Krauss4    92.00      30.00      0.00       1545.00    535.00     17.83      
93         Krauss6    92.00      30.00      0.00       1005.00    535.00     17.83      
93         Krauss10   92.00      6.00       3.00       9.00       991.00     165.17     
93         Krauss1    92.00      30.00      0.00       2355.00    -2351.00   -78.37     
93         Krauss7    92.00      30.00      0.00       735.00     1615.00    53.83      
93         Krauss8    92.00      30.00      0.00       465.00     265.00     8.83       
94         Krauss3    93.00      30.00      0.00       1845.00    -1.00      -1.00      
94         Krauss5    93.00      30.00      0.00       1305.00    535.00     17.83      
94         Krauss9    93.00      30.00      0.00       225.00     1075.00    35.83      
94         obstacle   93.00      0.00       0.00       3200.00    -2980.00   -1.00      
94         Krauss2    93.00      30.00      0.00       2115.00    1080.00    36.00      
94         Krauss4    93.00      30.00      0.00       1575.00    535.00     17.83      
94         Krauss6    93.00      30.00      0.00       1035.00    535.00     17.83      
94         Krauss10   93.00      9.00       3.00       18.00      1012.00    112.44     
94         Krauss1    93.00      30.00      0.00       2385.00    -2372.00   -79.07     
94         Krauss7    93.00      30.00      0.00       765.00     1615.00    53.83      
94         Krauss8    93.00      30.00      0.00       495.00     265.00     8.83       
95         Krauss3    94.00      30.00      0.00       1875.00    -1.00      -1.00      
95         Krauss5    94.00      30.00      0.00       1335.00    535.00     17.83      
95         Krauss9    94.00      30.00      0.00       255.00     1075.00    35.83      
95         obstacle   94.00      0.00       0.00       3200.00    -2950.00   -1.00      
95         Krauss2    94.00      30.00      0.00       2145.00    1050.00    35.00      
95         Krauss4    94.00      30.00      0.00       1605.00    535.00     17.83      
95         Krauss6    94.00      30.00      0.00       1065.00    535.00     17.83      
95         Krauss10   94.00      12.00      3.00       30.00      1030.00    85.83      
95         Krauss1    94.00      30.00      0.00       2415.00    -2390.00   -79.67     
95         Krauss7    94.00      30.00      0.00       795.00     1615.00    53.83      
95         Krauss8    94.00      30.00      0.00       525.00     265.00     8.83       
96         Krauss3    95.00      30.00      0.00       1905.00    -1.00      -1.00      
96         Krauss5    95.00      30.00      0.00       1365.00    535.00     17.83      
96         Krauss9    95.00      30.00      0.00       285.00     1075.00    35.83      
96         obstacle   95.00      0.00       0.00       3200.00    -2920.00   -1.00      
96         Krauss2    95.00      30.00      0.00       2175.00    1020.00    34.00      
96         Krauss4    95.00      30.00      0.00       1635.00    535.00     17.83      
96         Krauss6    95.00      30.00      0.00       1095.00    535.00     17.83      
96         Krauss10   95.00      15.00      3.00       45.00      1045.00    69.67      
96         Krauss1    95.00      30.00      0.00       2445.00    -2405.00   -80.17     
96         Krauss7    95.00      30.00      0.00       825.00     1615.00    53.83      
96         Krauss8    95.00      30.00      0.00       555.00     265.00     8.83       
97         Krauss3    96.00      30.00      0.00       1935.00    -1.00      -1.00      
97         Krauss5    96.00      30.00      0.00       1395.00    535.00     17.83      
97         Krauss9    96.00      30.00      0.00       315.00     1075.00    35.83      
97         obstacle   96.00      0.00       0.00       3200.00    -2890.00   -1.00      
97         Krauss2    96.00      30.00      0.00       2205.00    990.00     33.00      
97         Krauss4    96.00      30.00      0.00       1665.00    535.00     17.83      
97         Krauss6    96.00      30.00      0.00       1125.00    535.00     17.83      
97         Krauss10   96.00      18.00      3.00       63.00      1057.00    58.72      
97         Krauss1    96.00      30.00      0.00       2475.00    -2417.00   -80.57     
97         Krauss7    96.00      30.00      0.00       855.00     1615.00    53.83      
97         Krauss8    96.00      30.00      0.00       585.00     265.00     8.83       
98         Krauss3    97.00      30.00      0.00       1965.00    -1.00      -1.00      
98         Krauss5    97.00      30.00      0.00       1425.00    535.00     17.83      
98         Krauss9    97.00      30.00      0.00       345.00     1075.00    35.83      
98         obstacle   97.00      0.00       0.00       3200.00    -2860.00   -1.00      
98         Krauss2    97.00      30.00      0.00       2235.00    960.00     32.00      
98         Krauss4    97.00      30.00      0.00       1695.00    535.00     17.83      
98         Krauss6    97.00      30.00      0.00       1155.00    535.00     17.83      
98         Krauss10   97.00      21.00      3.00       84.00      1066.00    50.76      
98         Krauss1    97.00      30.00      0.00       2505.00    -2426.00   -80.87     
98         Krauss7    97.00      30.00      0.00       885.00     1615.00    53.83      
98         Krauss8    97.00      30.00      0.00       615.00     265.00     8.83       
99         Krauss3    98.00      30.00      0.00       1995.00    -1.00      -1.00      
99         Krauss5    98.00      30.00      0.00       1455.00    535.00     17.83      
99         Krauss9    98.00      30.00      0.00       375.00     1075.00    35.83      
99         obstacle   98.00      0.00       0.00       3200.00    -2830.00   -1.00      
99         Krauss2    98.00      30.00      0.00       2265.00    930.00     31.00      
99         Krauss4    98.00      30.00      0.00       1725.00    535.00     17.83      
99         Krauss6    98.00      30.00      0.00       1185.00    535.00     17.83      
99         Krauss10   98.00      24.00      3.00       108.00     1072.00    44.67      
99         Krauss1    98.00      30.00      0.00       2535.00    -2432.00   -81.07     
99         Krauss7    98.00      30.00      0.00       915.00     1615.00    53.83      
99         Krauss8    98.00      30.00      0.00       645.00     265.00     8.83       
100        Krauss3    99.00      30.00      0.00       2025.00    -1.00      -1.00      
100        Krauss5    99.00      30.00      0.00       1485.00    535.00     17.83      
100        Krauss9    99.00      30.00      0.00       405.00     1075.00    35.83      
100        obstacle   99.00      0.00       0.00       3200.00    -2800.00   -1.00      
100        Krauss2    99.00      30.00      0.00       2295.00    900.00     30.00      
100        Krauss4    99.00      30.00      0.00       1755.00    535.00     17.83      
100        Krauss6    99.00      30.00      0.00       1215.00    535.00     17.83      
100        Krauss10   99.00      27.00      3.00       135.00     1075.00    39.81      
100        Krauss1    99.00      30.00      0.00       2565.00    -2435.00   -81.17     
100        Krauss7    99.00      30.00      0.00       945.00     1615.00    53.83      
100        Krauss8    99.00      30.00      0.00       675.00     265.00     8.83       
101        Krauss3    100.00     30.00      0.00       2055.00    -1.00      -1.00      
101        Krauss5    100.00     30.00      0.00       1515.00    535.00     17.83      
101        Krauss9    100.00     30.00      0.00       435.00     1075.00    35.83      
101        obstacle   100.00     0.00       0.00       3200.00    -2770.00   -1.00      
101        Krauss2    100.00     30.00      0.00       2325.00    870.00     29.00      
101        Krauss4    100.00     30.00      0.00       1785.00    535.00     17.83      
101        Krauss6    100.00     30.00      0.00       1245.00    535.00     17.83      
101        Krauss10   100.00     30.00      3.00       165.00     1075.00    35.83      
101        Krauss1    100.00     30.00      0.00       2595.00    -2435.00   -81.17     
101        Krauss7    100.00     30.00      0.00       975.00     1615.00    53.83      
101        Krauss8    100.00     30.00      0.00       705.00     265.00     8.83       
102        Krauss3    101.00     30.00      0.00       2085.00    -1.00      -1.00      
102        Krauss5    101.00     30.00      0.00       1545.00    535.00     17.83      
102        Krauss9    101.00     30.00      0.00       465.00     1075.00    35.83      
102        obstacle   101.00     0.00       0.00       3200.00    -2740.00   -1.00      
102        Krauss2    101.00     30.00      0.00       2355.00    840.00     28.00      
102        Krauss4    101.00     30.00      0.00       1815.00    535.00     17.83      
102        Krauss6    101.00     30.00      0.00       1275.00    535.00     17.83      
102        Krauss10   101.00     30.00      0.00       195.00     1075.00    35.83      
102        Krauss1    101.00     30.00      0.00       2625.00    -2435.00   -81.17     
102        Krauss7    101.00     30.00      0.00       1005.00    1615.00    53.83      
102        Krauss8    101.00     30.00      0.00       735.00     265.00     8.83       
103        Krauss3    102.00     30.00      0.00       2115.00    -1.00      -1.00      
103        Krauss5    102.00     30.00      0.00       1575.00    535.00     17.83      
103        Krauss9    102.00     30.00      0.00       495.00     1075.00    35.83      
103        obstacle   102.00     0.00       0.00       3200.00    -2710.00   -1.00      
103        Krauss2    102.00     30.00      0.00       2385.00    810.00     27.00      
103        Krauss4    102.00     30.00      0.00       1845.00    535.00     17.83      
103        Krauss6    102.00     30.00      0.00       1305.00    535.00     17.83      
103        Krauss10   102.00     30.00      0.00       225.00     1075.00    35.83      
103        Krauss1    102.00     30.00      0.00       2655.00    -2435.00   -81.17     
103        Krauss7    102.00     30.00      0.00       1035.00    1615.00    53.83      
103        Krauss8    102.00     30.00      0.00       765.00     265.00     8.83       
104        Krauss3    103.00     30.00      0.00       2145.00    -1.00      -1.00      
104        Krauss5    103.00     30.00      0.00       1605.00    535.00     17.83      
104        Krauss9    103.00     30.00      0.00       525.00     1075.00    35.83      
104        obstacle   103.00     0.00       0.00       3200.00    -2680.00   -1.00      
104        Krauss2    103.00     30.00      0.00       2415.00    780.00     26.00      
104        Krauss4    103.00     30.00      0.00       1875.00    535.00     17.83      
104        Krauss6    103.00     30.00      0.00       1335.00    535.00     17.83      
104        Krauss10   103.00     30.00      0.00       255.00     1075.00    35.83      
104        Krauss1    103.00     30.00      0.00       2685.00    -2435.00   -81.17     
104        Krauss7    103.00     30.00      0.00       1065.00    1615.00    53.83      
104        Krauss8    103.00     30.00      0.00       795.00     265.00     8.83       
105        Krauss3    104.00     30.00      0.00       2175.00    -1.00      -1.00      
105        Krauss5    104.00     30.00      0.00       1635.00    535.00     17.83      
105        Krauss9    104.00     30.00      0.00       555.00     1075.00    35.83      
105        obstacle   104.00     0.00       0.00       3200.00    -2650.00   -1.00      
105        Krauss2    104.00     30.00      0.00       2445.00    750.00     25.00      
105        Krauss4    104.00     30.00      0.00       1905.00    535.00     17.83      
105        Krauss6    104.00     30.00      0.00       1365.00    535.00     17.83      
105        Krauss10   104.00     30.00      0.00       285.00     1075.00    35.83      
105        Krauss1    104.00     30.00      0.00       2715.00    -2435.00   -81.17     
105        Krauss7    104.00     30.00      0.00       1095.00    1615.00    53.83      
105        Krauss8    104.00     30.00      0.00       825.00     265.00     8.83       
106        Krauss3    105.00     30.00      0.00       2205.00    -1.00      -1.00      
106        Krauss5    105.00     30.00      0.00       1665.00    535.00     17.83      
106        Krauss9    105.00     30.00      0.00       585.00     1075.00    35.83      
106        obstacle   105.00     0.00       0.00       3200.00    -2620.00   -1.00      
106        Krauss2    105.00     30.00      0.00       2475.00    720.00     24.00      
106        Krauss4    105.00     30.00      0.00       1935.00    535.00     17.83      
106        Krauss6    105.00     30.00      0.00       1395.00    535.00     17.83      
106        Krauss10   105.00     30.00      0.00       315.00     1075.00    35.83      
106        Krauss1    105.00     30.00      0.00       2745.00    -2435.00   -81.17     
106        Krauss7    105.00     30.00      0.00       1125.00    1615.00    53.83      
106        Krauss8    105.00     30.00      0.00       855.00     265.00     8.83       
107        Krauss3    106.00     30.00      0.00       2235.00    -1.00      -1.00      
107        Krauss5    106.00     30.00      0.00       1695.00    535.00     17.83      
107        Krauss9    106.00     30.00      0.00       615.00     1075.00    35.83      
107        obstacle   106.00     0.00       0.00       3200.00    -2590.00   -1.00      
107        Krauss2    106.00     30.00      0.00       2505.00    690.00     23.00      
107        Krauss4    106.00     30.00      0.00       1965.00    535.00     17.83      
107        Krauss6    106.00     30.00      0.00       1425.00    535.00     17.83      
107        Krauss10   106.00     30.00      0.00       345.00     1075.00    35.83      
107        Krauss1    106.00     30.00      0.00       2775.00    -2435.00   -81.17     
107        Krauss7    106.00     30.00      0.00       1155.00    1615.00    53.83      
107        Krauss8    106.00     30.00      0.00       885.00     265.00     8.83       
108        Krauss3    107.00     30.00      0.00       2265.00    -1.00      -1.00      
108        Krauss5    107.00     30.00      0.00       1725.00    535.00     17.83      
108        Krauss9    107.00     30.00      0.00       645.00     1075.00    35.83      
108        obstacle   107.00     0.00       0.00       3200.00    -2560.00   -1.00      
108        Krauss2    107.00     30.00      0.00       2535.00    660.00     22.00      
108        Krauss4    107.00     30.00      0.00       1995.00    535.00     17.83      
108        Krauss6    107.00     30.00      0.00       1455.00    535.00     17.83      
108        Krauss10   107.00     30.00      0.00       375.00     1075.00    35.83      
108        Krauss1    107.00     30.00      0.00       2805.00    -2435.00   -81.17     
108        Krauss7    107.00     30.00      0.00       1185.00    1615.00    53.83      
108        Krauss8    107.00     30.00      0.00       915.00     265.00     8.83       
109        Krauss3    108.00     30.00      0.00       2295.00    -1.00      -1.00      
109        Krauss5    108.00     30.00      0.00       1755.00    535.00     17.83      
109        Krauss9    108.00     30.00      0.00       675.00     1075.00    35.83      
109        obstacle   108.00     0.00       0.00       3200.00    -2530.00   -1.00      
109        Krauss2    108.00     30.00      0.00       2565.00    630.00     21.00      
109        Krauss4    108.00     30.00      0.00       2025.00    535.00     17.83      
109        Krauss6    108.00     30.00      0.00       1485.00    535.00     17.83      
109        Krauss10   108.00     30.00      0.00       405.00     1075.00    35.83      
109        Krauss1    108.00     30.00      0.00       2835.00    -2435.00   -81.17     
109        Krauss7    108.00     30.00      0.00       1215.00    1615.00    53.83      
109        Krauss8    108.00     30.00      0.00       945.00     265.00     8.83       
110        Krauss3    109.00     30.00      0.00       2325.00    -1.00      -1.00      
110        Krauss5    109.00     30.00      0.00       1785.00    535.00     17.83      
110        Krauss9    109.00     30.00      0.00       705.00     1075.00    35.83      
110        obstacle   109.00     0.00       0.00       3200.00    -2500.00   -1.00      
110        Krauss2    109.00     30.00      0.00       2595.00    600.00     20.00      
110        Krauss4    109.00     30.00      0.00       2055.00    535.00     17.83      
110        Krauss6    109.00     30.00      0.00       1515.00    535.00     17.83      
110        Krauss10   109.00     30.00      0.00       435.00     1075.00    35.83      
110        Krauss1    109.00     30.00      0.00       2865.00    -2435.00   -81.17     
110        Krauss7    109.00     30.00      0.00       1245.00    1615.00    53.83      
110        Krauss8    109.00     30.00      0.00       975.00     265.00     8.83       
111        Krauss3    110.00     30.00      0.00       2355.00    -1.00      -1.00      
111        Krauss5    110.00     30.00      0.00       1815.00    535.00     17.83      
111        Krauss9    110.00     30.00      0.00       735.00     1075.00    35.83      
111        obstacle   110.00     0.00       0.00       3200.00    -2470.00   -1.00      
111        Krauss2    110.00     30.00      0.00       2625.00    570.00     19.00      
111        Krauss4    110.00     30.00      0.00       2085.00    535.00     17.83      
111        Krauss6    110.00     30.00      0.00       1545.00    535.00     17.83      
111        Krauss10   110.00     30.00      0.00       465.00     1075.00    35.83      
111        Krauss1    110.00     30.00      0.00       2895.00    -2435.00   -81.17     
111        Krauss7    110.00     30.00      0.00       1275.00    1615.00    53.83      
111        Krauss8    110.00     30.00      0.00       1005.00    265.00     8.83       
112        Krauss3    111.00     30.00      0.00       2385.00    -1.00      -1.00      
112        Krauss5    111.00     30.00      0.00       1845.00    535.00     17.83      
112        Krauss9    111.00     30.00      0.00       765.00     1075.00    35.83      
112        obstacle   111.00     0.00       0.00       3200.00    -2440.00   -1.00      
112        Krauss2    111.00     30.00      0.00       2655.00    540.00     18.00      
112        Krauss4    111.00     30.00      0.00       2115.00    535.00     17.83      
112        Krauss6    111.00     30.00      0.00       1575.00    535.00     17.83      
112        Krauss10   111.00     30.00      0.00       495.00     1075.00    35.83      
112        Krauss1    111.00     30.00      0.00       2925.00    -2435.00   -81.17     
112        Krauss7    111.00     30.00      0.00       1305.00    1615.00    53.83      
112        Krauss8    111.00     30.00      0.00       1035.00    265.00     8.83       
113        Krauss3    112.00     30.00      0.00       2415.00    -1.00      -1.00      
113        Krauss5    112.00     30.00      0.00       1875.00    535.00     17.83      
113        Krauss9    112.00     30.00      0.00       795.00     1075.00    35.83      
113        obstacle   112.00     0.00       0.00       3200.00    -2410.00   -1.00      
113        Krauss2    112.00     30.00      0.00       2685.00    510.00     17.00      
113        Krauss4    112.00     30.00      0.00       2145.00    535.00     17.83      
113        Krauss6    112.00     30.00      0.00       1605.00    535.00     17.83      
113        Krauss10   112.00     30.00      0.00       525.00     1075.00    35.83      
113        Krauss1    112.00     30.00      0.00       2955.00    -2435.00   -81.17     
113        Krauss7    112.00     30.00      0.00       1335.00    1615.00    53.83      
113        Krauss8    112.00     30.00      0.00       1065.00    265.00     8.83       
114        Krauss3    113.00     30.00      0.00       2445.00    -1.00      -1.00      
114        Krauss5    113.00     30.00      0.00       1905.00    535.00     17.83      
114        Krauss9    113.00     30.00      0.00       825.00     1075.00    35.83      
114        obstacle   113.00     0.00       0.00       3200.00    -2380.00   -1.00      
114        Krauss2    113.00     30.00      0.00       2715.00    480.00     16.00      
114        Krauss4    113.00     30.00      0.00       2175.00    535.00     17.83      
114        Krauss6    113.00     30.00      0.00       1635.00    535.00     17.83      
114        Krauss10   113.00     30.00      0.00       555.00     1075.00    35.83      
114        Krauss1    113.00     30.00      0.00       2985.00    -2435.00   -81.17     
114        Krauss7    113.00     30.00      0.00       1365.00    1615.00    53.83      
114        Krauss8    113.00     30.00      0.00       1095.00    265.00     8.83       
115        Krauss3    114.00     30.00      0.00       2475.00    -1.00      -1.00      
115        Krauss5    114.00     30.00      0.00       1935.00    535.00     17.83      
115        Krauss9    114.00     30.00      0.00       855.00     1075.00    35.83      
115        obstacle   114.00     0.00       0.00       3200.00    -2350.00   -1.00      
115        Krauss2    114.00     30.00      0.00       2745.00    450.00     15.00      
115        Krauss4    114.00     30.00      0.00       2205.00    535.00     17.83      
115        Krauss6    114.00     30.00      0.00       1665.00    535.00     17.83      
115        Krauss10   114.00     30.00      0.00       585.00     1075.00    35.83      
115        Krauss1    114.00     30.00      0.00       3015.00    -2435.00   -81.17     
115        Krauss7    114.00     30.00      0.00       1395.00    1615.00    53.83      
115        Krauss8    114.00     30.00      0.00       1125.00    265.00     8.83       
116        Krauss3    115.00     30.00      0.00       2505.00    -1.00      -1.00      
116        Krauss5    115.00     30.00      0.00       1965.00    535.00     17.83      
116        Krauss9    115.00     30.00      0.00       885.00     1075.00    35.83      
116        obstacle   115.00     0.00       0.00       3200.00    -2320.00   -1.00      
116        Krauss2    115.00     30.00      0.00       2775.00    420.00     14.00      
116        Krauss4    115.00     30.00      0.00       2235.00    535.00     17.83      
116        Krauss6    115.00     30.00      0.00       1695.00    535.00     17.83      
116        Krauss10   115.00     30.00      0.00       615.00     1075.00    35.83      
116        Krauss1    115.00     30.00      0.00       3045.00    -2435.00   -81.17     
116        Krauss7    115.00     30.00      0.00       1425.00    1615.00    53.83      
116        Krauss8    115.00     30.00      0.00       1155.00    265.00     8.83       
117        Krauss3    116.00     30.00      0.00       2535.00    -1.00      -1.00      
117        Krauss5    116.00     30.00      0.00       1995.00    535.00     17.83      
117        Krauss9    116.00     30.00      0.00       915.00     1075.00    35.83      
117        obstacle   116.00     0.00       0.00       3200.00    -2290.00   -1.00      
117        Krauss2    116.00     30.00      0.00       2805.00    390.00     13.00      
117        Krauss4    116.00     30.00      0.00       2265.00    535.00     17.83      
117        Krauss6    116.00     30.00      0.00       1725.00    535.00     17.83      
117        Krauss10   116.00     30.00      0.00       645.00     1075.00    35.83      
117        Krauss1    116.00     30.00      0.00       3075.00    -2435.00   -81.17     
117        Krauss7    116.00     30.00      0.00       1455.00    1615.00    53.83      
117        Krauss8    116.00     30.00      0.00       1185.00    265.00     8.83       
118        Krauss3    117.00     30.00      0.00       2565.00    -1.00      -1.00      
118        Krauss5    117.00     30.00      0.00       2025.00    535.00     17.83      
118        Krauss9    117.00     30.00      0.00       945.00     1075.00    35.83      
118        obstacle   117.00     0.00       0.00       3200.00    -2260.00   -1.00      
118        Krauss2    117.00     30.00      0.00       2835.00    360.00     12.00      
118        Krauss4    117.00     30.00      0.00       2295.00    535.00     17.83      
118        Krauss6    117.00     30.00      0.00       1755.00    535.00     17.83      
118        Krauss10   117.00     30.00      0.00       675.00     1075.00    35.83      
118        Krauss1    117.00     30.00      0.00       3105.00    -2435.00   -81.17     
118        Krauss7    117.00     30.00      0.00       1485.00    1615.00    53.83      
118        Krauss8    117.00     30.00      0.00       1215.00    265.00     8.83       
119        Krauss3    118.00     30.00      0.00       2595.00    -1.00      -1.00      
119        Krauss5    118.00     30.00      0.00       2055.00    535.00     17.83      
119        Krauss9    118.00     30.00      0.00       975.00     1075.00    35.83      
119        obstacle   118.00     0.00       0.00       3200.00    -2230.00   -1.00      
119        Krauss2    118.00     30.00      0.00       2865.00    330.00     11.00      
119        Krauss4    118.00     30.00      0.00       2325.00    535.00     17.83      
119        Krauss6    118.00     30.00      0.00       1785.00    535.00     17.83      
119        Krauss10   118.00     30.00      0.00       705.00     1075.00    35.83      
119        Krauss1    118.00     30.00      0.00       3135.00    -2435.00   -81.17     
119        Krauss7    118.00     30.00      0.00       1515.00    1615.00    53.83      
119        Krauss8    118.00     30.00      0.00       1245.00    265.00     8.83       
120        Krauss3    119.00     30.00      0.00       2625.00    -1.00      -1.00      
120        Krauss5    119.00     30.00      0.00       2085.00    535.00     17.83      
120        Krauss9    119.00     30.00      0.00       1005.00    1075.00    35.83      
120        obstacle   119.00     0.00       0.00       3200.00    -2200.00   -1.00      
120        Krauss2    119.00     30.00      0.00       2895.00    300.00     10.00      
120        Krauss4    119.00     30.00      0.00       2355.00    535.00     17.83      
120        Krauss6    119.00     30.00      0.00       1815.00    535.00     17.83      
120        Krauss10   119.00     30.00      0.00       735.00     1075.00    35.83      
120        Krauss1    119.00     30.00      0.00       3165.00    -2435.00   -81.17     
120        Krauss7    119.00     30.00      0.00       1545.00    1615.00    53.83      
120        Krauss8    119.00     30.00      0.00       1275.00    265.00     8.83       
121        Krauss3    120.00     30.00      0.00       2655.00    -1.00      -1.00      
121        Krauss5    120.00     30.00      0.00       2115.00    535.00     17.83      
121        Krauss9    120.00     30.00      0.00       1035.00    1075.00    35.83      
121        obstacle   120.00     0.00       0.00       3200.00    -2170.00   -1.00      
121        Krauss2    120.00     30.00      0.00       2925.00    270.00     9.00       
121        Krauss4    120.00     30.00      0.00       2385.00    535.00     17.83      
121        Krauss6    120.00     30.00      0.00       1845.00    535.00     17.83      
121        Krauss10   120.00     30.00      0.00       765.00     1075.00    35.83      
121        Krauss1    120.00     30.00      0.00       3195.00    -2435.00   -81.17     
121        Krauss7    120.00     30.00      0.00       1575.00    1615.00    53.83      
121        Krauss8    120.00     30.00      0.00       1305.00    265.00     8.83       
122        Krauss3    121.00     30.00      0.00       2685.00    -1.00      -1.00      
122        Krauss5    121.00     30.00      0.00       2145.00    535.00     17.83      
122        Krauss9    121.00     30.00      0.00       1065.00    1075.00    35.83      
122        obstacle   121.00     0.00       0.00       3200.00    -2140.00   -1.00      
122        Krauss2    121.00     30.00      0.00       2955.00    240.00     8.00       
122        Krauss4    121.00     30.00      0.00       2415.00    535.00     17.83      
122        Krauss6    121.00     30.00      0.00       1875.00    535.00     17.83      
122        Krauss10   121.00     30.00      0.00       795.00     1075.00    35.83      
122        Krauss1    121.00     30.00      0.00       3225.00    -2435.00   -81.17     
122        Krauss7    121.00     30.00      0.00       1605.00    1615.00    53.83      
122        Krauss8    121.00     30.00      0.00       1335.00    265.00     8.83       
123        Krauss3    122.00     30.00      0.00       2715.00    -1.00      -1.00      
123        Krauss5    122.00     30.00      0.00       2175.00    535.00     17.83      
123        Krauss9    122.00     30.00      0.00       1095.00    1075.00    35.83      
123        obstacle   122.00     0.00       0.00       3200.00    -2110.00   -1.00      
123        Krauss2    122.00     30.00      0.00       2985.00    210.00     7.00       
123        Krauss4    122.00     30.00      0.00       2445.00    535.00     17.83      
123        Krauss6    122.00     30.00      0.00       1905.00    535.00     17.83      
123        Krauss10   122.00     30.00      0.00       825.00     1075.00    35.83      
123        Krauss1    122.00     30.00      0.00       3255.00    -2435.00   -81.17     
123        Krauss7    122.00     30.00      0.00       1635.00    1615.00    53.83      
123        Krauss8    122.00     30.00      0.00       1365.00    265.00     8.83       
124        Krauss3    123.00     30.00      0.00       2745.00    -1.00      -1.00      
124        Krauss5    123.00     30.00      0.00       2205.00    535.00     17.83      
124        Krauss9    123.00     30.00      0.00       1125.00    1075.00    35.83      
124        obstacle   123.00     0.00       0.00       3200.00    -2080.00   -1.00      
124        Krauss2    123.00     30.00      0.00       3015.00    180.00     6.00       
124        Krauss4    123.00     30.00      0.00       2475.00    535.00     17.83      
124        Krauss6    123.00     30.00      0.00       1935.00    535.00     17.83      
124        Krauss10   123.00     30.00      0.00       855.00     1075.00    35.83      
124        Krauss1    123.00     30.00      0.00       3285.00    -2435.00   -81.17     
124        Krauss7    123.00     30.00      0.00       1665.00    1615.00    53.83      
124        Krauss8    123.00     30.00      0.00       1395.00    265.00     8.83       
125        Krauss3    124.00     30.00      0.00       2775.00    -1.00      -1.00      
125        Krauss5    124.00     30.00      0.00       2235.00    535.00     17.83      
125        Krauss9    124.00     30.00      0.00       1155.00    1075.00    35.83      
125        obstacle   124.00     0.00       0.00       3200.00    -2050.00   -1.00      
125        Krauss2    124.00     30.00      0.00       3045.00    150.00     5.00       
125        Krauss4    124.00     30.00      0.00       2505.00    535.00     17.83      
125        Krauss6    124.00     30.00      0.00       1965.00    535.00     17.83      
125        Krauss10   124.00     30.00      0.00       885.00     1075.00    35.83      
125        Krauss1    124.00     30.00      0.00       3315.00    -2435.00   -81.17     
125        Krauss7    124.00     30.00      0.00       1695.00    1615.00    53.83      
125        Krauss8    124.00     30.00      0.00       1425.00    265.00     8.83       
126        Krauss3    125.00     30.00      0.00       2805.00    -1.00      -1.00      
126        Krauss5    125.00     30.00      0.00       2265.00    535.00     17.83      
126        Krauss9    125.00     30.00      0.00       1185.00    1075.00    35.83      
126        obstacle   125.00     0.00       0.00       3200.00    -2020.00   -1.00      
126        Krauss2    125.00     30.00      0.00       3075.00    120.00     4.00       
126        Krauss4    125.00     30.00      0.00       2535.00    535.00     17.83      
126        Krauss6    125.00     30.00      0.00       1995.00    535.00     17.83      
126        Krauss10   125.00     30.00      0.00       915.00     1075.00    35.83      
126        Krauss1    125.00     30.00      0.00       3345.00    -2435.00   -81.17     
126        Krauss7    125.00     30.00      0.00       1725.00    1615.00    53.83      
126        Krauss8    125.00     30.00      0.00       1455.00    265.00     8.83       
127        Krauss3    126.00     30.00      0.00       2835.00    -1.00      -1.00      
127        Krauss5    126.00     30.00      0.00       2295.00    535.00     17.83      
127        Krauss9    126.00     30.00      0.00       1215.00    1075.00    35.83      
127        obstacle   126.00     0.00       0.00       3200.00    -1990.00   -1.00      
127        Krauss2    126.00     29.07      -0.93      3104.07    90.93      3.13       
127        Krauss4    126.00     30.00      0.00       2565.00    534.07     17.80      
127        Krauss6    126.00     30.00      0.00       2025.00    535.00     17.83      
127        Krauss10   126.00     30.00      0.00       945.00     1075.00    35.83      
127        Krauss1    126.00     30.00      0.00       3375.00    -2435.00   -81.17     
127        Krauss7    126.00     30.00      0.00       1755.00    1615.00    53.83      
127        Krauss8    126.00     30.00      0.00       1485.00    265.00     8.83       
128        Krauss3    127.00     30.00      0.00       2865.00    -1.00      -1.00      
128        Krauss5    127.00     30.00      0.00       2325.00    535.00     17.83      
128        Krauss9    127.00     30.00      0.00       1245.00    1075.00    35.83      
128        obstacle   127.00     0.00       0.00       3200.00    -1960.00   -1.00      
128        Krauss2    127.00     24.63      -4.43      3128.70    66.30      2.69       
128        Krauss4    127.00     30.00      0.00       2595.00    528.70     17.62      
128        Krauss6    127.00     30.00      0.00       2055.00    535.00     17.83      
128        Krauss10   127.00     30.00      0.00       975.00     1075.00    35.83      
128        Krauss1    127.00     30.00      0.00       3405.00    -2435.00   -81.17     
128        Krauss7    127.00     30.00      0.00       1785.00    1615.00    53.83      
128        Krauss8    127.00     30.00      0.00       1515.00    265.00     8.83       
129        Krauss3    128.00     30.00      0.00       2895.00    -1.00      -1.00      
129        Krauss5    128.00     30.00      0.00       2355.00    535.00     17.83      
129        Krauss9    128.00     30.00      0.00       1275.00    1075.00    35.83      
129        obstacle   128.00     0.00       0.00       3200.00    -1930.00   -1.00      
129        Krauss2    128.00     20.27      -4.37      3148.97    46.03      2.27       
129        Krauss4    128.00     30.00      0.00       2625.00    518.97     17.30      
129        Krauss6    128.00     30.00      0.00       2085.00    535.00     17.83      
129        Krauss10   128.00     30.00      0.00       1005.00    1075.00    35.83      
129        Krauss1    128.00     30.00      0.00       3435.00    -2435.00   -81.17     
129        Krauss7    128.00     30.00      0.00       1815.00    1615.00    53.83      
129        Krauss8    128.00     30.00      0.00       1545.00    265.00     8.83       
130        Krauss5    129.00     30.00      0.00       2385.00    -1.00      -1.00      
130        Krauss9    129.00     30.00      0.00       1305.00    1075.00    35.83      
130        obstacle   129.00     0.00       0.00       3200.00    -1900.00   -1.00      
130        Krauss2    129.00     15.96      -4.31      3164.92    30.08      1.89       
130        Krauss3    129.00     30.00      0.00       2925.00    234.92     7.83       
130        Krauss4    129.00     30.00      0.00       2655.00    265.00     8.83       
130        Krauss6    129.00     30.00      0.00       2115.00    535.00     17.83      
130        Krauss10   129.00     30.00      0.00       1035.00    1075.00    35.83      
130        Krauss1    129.00     30.00      0.00       3465.00    -2435.00   -81.17     
130        Krauss7    129.00     30.00      0.00       1845.00    1615.00    53.83      
130        Krauss8    129.00     30.00      0.00       1575.00    265.00     8.83       
131        Krauss5    130.00     30.00      0.00       2415.00    -1.00      -1.00      
131        Krauss9    130.00     30.00      0.00       1335.00    1075.00    35.83      
131        obstacle   130.00     0.00       0.00       3200.00    -1870.00   -1.00      
131        Krauss2    130.00     11.83      -4.12      3176.76    18.24      1.54       
131        Krauss3    130.00     30.00      0.00       2955.00    216.76     7.23       
131        Krauss4    130.00     30.00      0.00       2685.00    265.00     8.83       
131        Krauss6    130.00     30.00      0.00       2145.00    535.00     17.83      
131        Krauss10   130.00     30.00      0.00       1065.00    1075.00    35.83      
131        Krauss1    130.00     30.00      0.00       3495.00    -2435.00   -81.17     
131        Krauss7    130.00     30.00      0.00       1875.00    1615.00    53.83      
131        Krauss8    130.00     30.00      0.00       1605.00    265.00     8.83       
132        Krauss5    131.00     30.00      0.00       2445.00    -1.00      -1.00      
132        Krauss9    131.00     30.00      0.00       1365.00    1075.00    35.83      
132        obstacle   131.00     0.00       0.00       3200.00    -1840.00   -1.00      
132        Krauss2    131.00     8.05       -3.79      3184.80    10.20      1.27       
132        Krauss3    131.00     30.00      0.00       2985.00    194.80     6.49       
132        Krauss4    131.00     30.00      0.00       2715.00    265.00     8.83       
132        Krauss6    131.00     30.00      0.00       2175.00    535.00     17.83      
132        Krauss10   131.00     30.00      0.00       1095.00    1075.00    35.83      
132        Krauss1    131.00     30.00      0.00       3525.00    -2435.00   -81.17     
132        Krauss7    131.00     30.00      0.00       1905.00    1615.00    53.83      
132        Krauss8    131.00     30.00      0.00       1635.00    265.00     8.83       
133        Krauss5    132.00     30.00      0.00       2475.00    -1.00      -1.00      
133        Krauss9    132.00     30.00      0.00       1395.00    1075.00    35.83      
133        obstacle   132.00     0.00       0.00       3200.00    -1810.00   -1.00      
133        Krauss2    132.00     5.00       -3.05      3189.80    5.20       1.04       
133        Krauss3    132.00     30.00      0.00       3015.00    169.80     5.66       
133        Krauss4    132.00     30.00      0.00       2745.00    265.00     8.83       
133        Krauss6    132.00     30.00      0.00       2205.00    535.00     17.83      
133        Krauss10   132.00     30.00      0.00       1125.00    1075.00    35.83      
133        Krauss1    132.00     30.00      0.00       3555.00    -2435.00   -81.17     
133        Krauss7    132.00     30.00      0.00       1935.00    1615.00    53.83      
133        Krauss8    132.00     30.00      0.00       1665.00    265.00     8.83       
134        Krauss5    133.00     30.00      0.00       2505.00    -1.00      -1.00      
134        Krauss9    133.00     30.00      0.00       1425.00    1075.00    35.83      
134        obstacle   133.00     0.00       0.00       3200.00    -1780.00   -1.00      
134        Krauss2    133.00     3.20       -1.80      3193.00    2.00       0.63       
134        Krauss3    133.00     30.00      0.00       3045.00    143.00     4.77       
134        Krauss4    133.00     30.00      0.00       2775.00    265.00     8.83       
134        Krauss6    133.00     30.00      0.00       2235.00    535.00     17.83      
134        Krauss10   133.00     30.00      0.00       1155.00    1075.00    35.83      
134        Krauss1    133.00     30.00      0.00       3585.00    -2435.00   -81.17     
134        Krauss7    133.00     30.00      0.00       1965.00    1615.00    53.83      
134        Krauss8    133.00     30.00      0.00       1695.00    265.00     8.83       
135        Krauss5    134.00     30.00      0.00       2535.00    -1.00      -1.00      
135        Krauss9    134.00     30.00      0.00       1455.00    1075.00    35.83      
135        obstacle   134.00     0.00       0.00       3200.00    -1750.00   -1.00      
135        Krauss2    134.00     0.00       -3.20      3193.00    2.00       9821977642800.12 
135        Krauss3    134.00     30.00      0.00       3075.00    113.00     3.77       
135        Krauss4    134.00     30.00      0.00       2805.00    265.00     8.83       
135        Krauss6    134.00     30.00      0.00       2265.00    535.00     17.83      
135        Krauss10   134.00     30.00      0.00       1185.00    1075.00    35.83      
135        Krauss1    134.00     30.00      0.00       3615.00    -2435.00   -81.17     
135        Krauss7    134.00     30.00      0.00       1995.00    1615.00    53.83      
135        Krauss8    134.00     30.00      0.00       1725.00    265.00     8.83       
136        Krauss5    135.00     30.00      0.00       2565.00    -1.00      -1.00      
136        Krauss9    135.00     30.00      0.00       1485.00    1075.00    35.83      
136        obstacle   135.00     0.00       0.00       3200.00    -1720.00   -1.00      
136        Krauss2    135.00     0.00       0.00       3193.00    2.00       9821977642800.12 
136        Krauss3    135.00     28.01      -1.99      3103.01    84.99      3.03       
136        Krauss4    135.00     30.00      0.00       2835.00    263.01     8.77       
136        Krauss6    135.00     30.00      0.00       2295.00    535.00     17.83      
136        Krauss10   135.00     30.00      0.00       1215.00    1075.00    35.83      
136        Krauss1    135.00     30.00      0.00       3645.00    -2435.00   -81.17     
136        Krauss7    135.00     30.00      0.00       2025.00    1615.00    53.83      
136        Krauss8    135.00     30.00      0.00       1755.00    265.00     8.83       
