0/0to0/1 26
14 2  15 1  17 23  
0/0to1/0 8
14 7  17 1  
0/1to0/0 26
13 18  14 6  15 1  17 1  
0/1to0/2 5
13 2  14 2  15 1  
0/1to1/1 32
14 1  15 6  16 24  17 1  
0/2to0/1 32
14 23  15 7  16 2  
0/2to0/3 8
14 1  15 1  16 3  17 3  
0/2to1/2 7
14 3  15 3  16 1  
0/3to0/2 16
13 4  15 8  16 1  17 3  
0/3to0/4 4
16 4  
0/3to1/3 6
14 2  15 2  16 2  
0/4to0/3 4
14 1  15 2  17 1  
0/4to1/4 1
15 1  
1/0to0/0 4
14 1  15 3  
1/0to1/1 12
14 6  15 3  17 3  
1/0to2/0 1
14 1  
1/1to0/1 27
14 3  15 19  16 5  
1/1to1/0 4
15 2  17 1  18 1  
1/1to1/2 32
13 1  14 3  15 4  16 1  17 23  
1/1to2/1 56
13 2  14 1  15 26  16 22  17 5  
1/2to0/2 71
14 42  15 21  16 6  17 2  
1/2to1/1 11
13 1  14 2  15 3  16 3  17 2  
1/2to1/3 67
13 1  14 12  15 29  16 1  17 24  
1/2to2/2 22
14 3  15 19  
1/3to0/3 13
14 10  15 1  16 2  
1/3to1/2 54
14 4  15 45  16 3  17 2  
1/3to1/4 31
13 1  14 3  16 4  17 23  
1/3to2/3 43
14 30  15 1  17 12  
1/4to0/4 2
16 1  17 1  
1/4to1/3 20
13 1  14 7  16 12  
1/4to2/4 20
13 2  14 3  15 14  17 1  
2/0to1/0 9
14 5  15 2  16 2  
2/0to2/1 44
14 2  15 18  16 1  17 23  
2/0to3/0 8
14 6  15 2  
2/1to1/1 63
14 25  15 36  16 2  
2/1to2/0 53
14 47  15 5  17 1  
2/1to2/2 85
13 1  14 5  15 35  16 43  17 1  
2/1to3/1 51
14 24  15 4  17 23  
2/2to1/2 78
14 30  15 25  16 22  28 1  
2/2to2/1 102
13 25  14 49  15 2  16 1  17 25  
2/2to2/3 14
14 5  15 5  16 2  17 2  
2/2to3/2 95
14 25  15 21  16 1  17 48  
2/3to1/3 51
13 1  14 6  15 17  16 2  17 25  
2/3to2/2 54
13 1  14 48  15 5  
2/3to2/4 8
14 5  16 1  17 2  
2/3to3/3 55
14 1  15 29  16 2  17 23  
2/4to1/4 32
13 2  14 30  
2/4to2/3 35
14 1  15 30  17 2  18 2  
2/4to3/4 5
13 1  14 1  15 2  16 1  
3/0to2/0 30
14 1  15 3  16 20  17 6  
3/0to3/1 29
13 5  14 23  15 1  
3/0to4/0 2
14 1  15 1  
3/1to2/1 56
14 13  15 25  16 18  
3/1to3/0 3
13 1  14 1  15 1  
3/1to3/2 56
14 30  15 23  16 1  17 2  
3/1to4/1 6
14 3  15 1  17 2  
3/2to2/2 82
14 31  15 23  16 4  17 24  
3/2to3/1 31
13 1  14 25  15 2  16 2  17 1  
3/2to3/3 125
14 52  15 14  16 34  17 25  
3/2to4/2 27
14 2  15 1  16 1  17 23  
3/3to2/3 62
13 2  14 2  15 58  
3/3to3/2 66
14 14  15 26  16 1  17 24  18 1  
3/3to3/4 40
13 23  14 12  15 3  17 2  
3/3to4/3 41
14 8  15 33  
3/4to2/4 57
14 30  15 1  17 26  
3/4to3/3 5
14 2  15 3  
3/4to4/4 7
15 7  
4/0to3/0 29
13 18  14 9  15 2  
4/0to4/1 49
14 1  16 6  17 42  
4/1to3/1 9
14 7  16 2  
4/1to4/0 30
14 28  15 2  
4/1to4/2 21
14 2  15 3  16 16  
4/2to3/2 48
14 21  15 2  16 25  
4/2to4/1 6
14 1  15 2  16 3  
4/2to4/3 11
14 4  15 2  16 3  17 2  
4/3to3/3 10
14 2  15 3  16 5  
4/3to4/2 9
14 7  16 2  
4/3to4/4 19
14 3  15 16  
4/4to3/4 2
13 1  14 1  
4/4to4/3 1
14 1  
