0/0to0/1 8
20 6  21 1  23 1  
0/0to1/0 7
21 7  
0/1to0/0 8
20 1  21 1  23 6  
0/1to0/2 9
22 1  23 8  
0/1to1/1 2
21 2  
0/2to0/1 9
20 6  21 2  22 1  
0/2to1/2 12
20 6  21 6  
1/0to0/0 12
21 11  23 1  
1/0to1/1 7
21 7  
1/0to2/0 16
20 1  21 8  23 7  
1/1to0/1 3
21 1  22 1  23 1  
1/1to1/0 4
21 4  
1/1to1/2 3
21 1  22 1  23 1  
1/1to2/1 4
21 3  23 1  
1/2to0/2 12
23 12  
1/2to1/1 5
20 1  21 2  22 1  23 1  
1/2to2/2 11
20 6  21 3  22 2  
2/0to1/0 18
20 13  21 2  22 2  23 1  
2/0to2/1 19
20 7  21 6  23 6  
2/1to1/1 5
20 1  21 2  23 2  
2/1to2/0 27
20 15  21 6  22 6  
2/1to2/2 18
21 6  23 6  24 6  
2/2to1/2 1
21 1  
2/2to2/1 34
20 3  21 19  23 12  
