0/0to0/1 16
16 15  17 1  
0/0to1/0 1
14 1  
0/1to0/0 1
14 1  
0/1to0/2 3
14 3  
0/1to1/1 12
13 1  14 11  
0/2to0/3 2
15 2  
0/2to1/2 1
16 1  
0/3to0/4 1
14 1  
0/3to1/3 1
14 1  
0/4to1/4 1
14 1  
1/0to2/0 2
15 1  16 1  
1/1to1/0 1
16 1  
1/1to1/2 1
14 1  
1/1to2/1 9
15 8  16 1  
1/2to1/3 1
14 1  
1/2to2/2 1
15 1  
1/3to1/4 1
15 1  
1/3to2/3 2
14 1  15 1  
1/4to1/3 1
15 1  
1/4to2/4 1
16 1  
2/0to3/0 2
14 1  15 1  
2/1to2/2 1
15 1  
2/1to3/1 8
14 8  
2/2to2/3 1
15 1  
2/2to3/2 1
14 1  
2/3to3/3 3
14 1  15 2  
2/4to3/4 1
15 1  
3/0to3/1 1
15 1  
3/0to4/0 1
14 1  
3/1to3/2 1
15 1  
3/1to4/1 8
14 8  
3/2to3/3 1
14 1  
3/2to4/2 1
14 1  
3/3to3/4 1
14 1  
3/3to4/3 4
14 2  16 2  
3/4to3/3 1
14 1  
3/4to4/4 1
15 1  
4/0to4/1 1
14 1  
4/1to4/2 9
14 8  15 1  
4/2to4/3 10
14 2  15 8  
4/3to4/4 7
14 3  15 4  
4/4to4/3 1
14 1  
