10to20 15
42 6  43 3  44 6  
11to1 13
43 2  44 11  
11to12 39
27 10  28 14  29 10  30 4  31 1  
11to21 13
44 11  45 1  46 1  
12to11 38
27 11  28 1  29 15  30 8  31 3  
12to13 67
26 1  27 9  28 15  29 28  30 13  31 1  
12to2 23
43 16  44 6  45 1  
12to22 21
43 11  44 9  45 1  
13to12 65
27 14  28 6  29 36  30 8  31 1  
13to14 89
27 20  28 23  29 39  30 6  31 1  
13to23 17
43 9  44 8  
13to3 18
43 10  44 8  
14to13 94
27 27  28 13  29 37  30 12  31 5  
14to15 108
27 25  28 30  29 41  30 11  31 1  
14to24 17
42 1  43 6  44 8  45 2  
14to4 18
42 1  43 9  44 6  45 2  
15to14 99
27 26  28 17  29 43  30 12  31 1  
15to16 109
27 21  28 29  29 46  30 13  
15to25 16
43 9  44 7  
15to5 20
42 1  43 11  44 7  45 1  
16to15 98
27 18  28 19  29 47  30 10  31 4  
16to17 106
27 30  28 13  29 45  30 15  31 2  32 1  
16to26 18
43 10  44 8  
16to6 26
42 1  43 13  44 8  45 3  46 1  
17to16 96
26 1  27 22  28 25  29 38  30 8  31 2  
17to18 80
27 35  28 6  29 32  30 5  31 2  
17to27 21
43 12  44 6  45 3  
17to7 25
42 1  43 8  44 13  45 3  
18to17 69
27 14  28 13  29 31  30 11  
18to19 60
27 22  28 4  29 25  30 7  31 2  
18to28 16
43 9  44 7  
18to8 19
43 9  44 8  45 2  
19to18 50
26 2  27 10  28 12  29 18  30 6  31 2  
19to20 35
26 1  27 15  28 1  29 10  30 7  35 1  
19to29 15
42 1  43 3  44 8  45 3  
19to9 11
43 3  44 7  45 1  
1to11 7
42 2  44 4  45 1  
1to2 9
42 2  44 7  
20to10 12
42 1  43 1  44 10  
20to19 37
27 13  28 5  29 8  30 11  
20to30 16
42 2  43 1  44 13  
21to11 26
42 4  43 8  44 8  45 6  
22to12 21
42 7  43 1  44 13  
22to21 11
42 1  43 2  44 8  
23to13 10
42 3  43 1  44 6  
23to22 25
42 5  43 10  44 10  
24to14 20
42 5  43 4  44 10  45 1  
24to23 17
42 1  43 6  44 8  45 1  46 1  
25to15 18
42 3  43 3  44 9  45 3  
25to24 21
42 4  43 7  44 8  45 2  
26to16 9
42 2  43 4  44 2  45 1  
26to25 16
42 5  43 1  44 8  45 2  
27to17 13
42 2  43 3  44 8  
27to26 13
42 5  43 3  44 3  45 2  
28to18 7
42 1  43 3  44 3  
28to27 11
42 3  43 5  44 2  45 1  
29to19 8
42 1  44 5  45 2  
29to28 11
42 4  43 4  44 3  
2to12 4
42 1  44 3  
2to3 24
42 5  43 3  44 10  45 6  
30to20 10
42 3  44 6  45 1  
30to29 5
42 3  44 2  
3to13 17
42 3  43 5  44 9  
3to4 18
42 5  43 2  44 10  45 1  
4to14 18
42 3  43 2  44 12  45 1  
4to5 21
42 4  43 2  44 15  
5to15 16
42 6  43 1  44 9  
5to6 16
42 6  43 1  44 7  45 2  
6to16 14
42 4  44 9  45 1  
6to7 23
42 1  43 5  44 16  45 1  
7to17 25
42 5  43 2  44 14  45 4  
7to8 25
42 8  43 8  44 9  
8to18 15
42 4  43 2  44 9  
8to9 22
42 3  43 7  44 12  
9to10 23
42 9  43 4  44 10  
9to19 5
42 1  43 1  44 3  
